         311
   1800.5000    741.6081
   1801.5000    742.4133
   1802.5000    743.2599
   1803.5000    744.1459
   1804.5000    745.0635
   1805.5000    746.0047
   1806.5000    746.9619
   1807.5000    747.9272
   1808.5000    748.8929
   1809.5000    749.8512
   1810.5000    750.7982
   1811.5000    751.7390
   1812.5000    752.6816
   1813.5000    753.6284
   1814.5000    754.5787
   1815.5000    755.5313
   1816.5000    756.4855
   1817.5000    757.4403
   1818.5000    758.3948
   1819.5000    759.3481
   1820.5000    760.2996
   1821.5000    761.2494
   1822.5000    762.1983
   1823.5000    763.1469
   1824.5000    764.0953
   1825.5000    765.0439
   1826.5000    765.9930
   1827.5000    766.9429
   1828.5000    767.8940
   1829.5000    768.8464
   1830.5000    769.7985
   1831.5000    770.7451
   1832.5000    771.6831
   1833.5000    772.6154
   1834.5000    773.5469
   1835.5000    774.4829
   1836.5000    775.4284
   1837.5000    776.3887
   1838.5000    777.3687
   1839.5000    778.3737
   1840.5000    779.4118
   1841.5000    780.4941
   1842.5000    781.6240
   1843.5000    782.7932
   1844.5000    783.9886
   1845.5000    785.1973
   1846.5000    786.4061
   1847.5000    787.6022
   1848.5000    788.7725
   1849.5000    789.9041
   1850.5000    790.9792
   1851.5000    792.2500
   1852.5000    793.7500
   1853.5000    795.2500
   1854.5000    796.7500
   1855.5000    798.0000
   1856.5000    799.2500
   1857.5000    800.7500
   1858.5000    802.2500
   1859.5000    803.7500
   1860.5000    805.2500
   1861.5000    806.7500
   1862.5000    808.2500
   1863.5000    809.7500
   1864.5000    811.2500
   1865.5000    813.0000
   1866.5000    814.7500
   1867.5000    816.2500
   1868.5000    817.7500
   1869.5000    819.2500
   1870.5000    821.0000
   1871.5000    822.7500
   1872.5000    824.2500
   1873.5000    825.7500
   1874.5000    827.2500
   1875.5000    829.0000
   1876.5000    830.7500
   1877.5000    832.2500
   1878.5000    833.7500
   1879.5000    835.2500
   1880.5000    837.0000
   1881.5000    839.0000
   1882.5000    841.0000
   1883.5000    843.0000
   1884.5000    844.7500
   1885.5000    846.2500
   1886.5000    848.0000
   1887.5000    850.0000
   1888.5000    852.0000
   1889.5000    854.0000
   1890.5000    856.0000
   1891.5000    858.2500
   1892.5000    860.7500
   1893.5000    863.0000
   1894.5000    865.0000
   1895.5000    867.2500
   1896.5000    869.7500
   1897.5000    872.0000
   1898.5000    874.2500
   1899.5000    876.7500
   1900.5000    879.5000
   1901.5000    883.0000
   1902.5000    887.0000
   1903.5000    891.2500
   1904.5000    895.7500
   1905.5000    900.2500
   1906.5000    904.7500
   1907.5000    909.2500
   1908.5000    914.0000
   1909.5000    919.0000
   1910.5000    923.7500
   1911.5000    928.2500
   1912.5000    933.0000
   1913.5000    938.2500
   1914.5000    943.7500
   1915.5000    949.2500
   1916.5000    954.7500
   1917.5000    960.2500
   1918.5000    966.0000
   1919.5000    972.0000
   1920.5000    977.7500
   1921.5000    983.2500
   1922.5000    989.0000
   1923.5000    995.0000
   1924.5000   1001.0000
   1925.5000   1007.0000
   1926.5000   1013.0000
   1927.5000   1019.0000
   1928.5000   1025.0000
   1929.5000   1030.7500
   1930.5000   1036.2500
   1931.5000   1041.7500
   1932.5000   1047.2500
   1933.5000   1052.7500
   1934.5000   1058.0000
   1935.5000   1063.0000
   1936.5000   1068.0000
   1937.5000   1073.0000
   1938.5000   1078.0000
   1939.5000   1083.0000
   1940.5000   1088.2500
   1941.5000   1093.7500
   1942.5000   1099.0000
   1943.5000   1104.0000
   1944.5000   1109.2500
   1945.5000   1114.7500
   1946.5000   1120.5000
   1947.5000   1126.7500
   1948.5000   1133.2500
   1949.5000   1140.0000
   1950.5000   1147.2500
   1951.5000   1155.0000
   1952.5000   1163.5000
   1953.5000   1172.7500
   1954.5000   1182.2500
   1955.5000   1192.0000
   1956.5000   1202.2500
   1957.5000   1213.0000
   1958.5000   1224.0000
   1959.5000   1235.2500
   1960.5000   1247.0000
   1961.5000   1259.2500
   1962.5000   1272.0000
   1963.5000   1285.0000
   1964.5000   1298.2500
   1965.5000   1312.0000
   1966.5000   1326.0000
   1967.5000   1340.2500
   1968.5000   1355.0000
   1969.5000   1370.2500
   1970.5000   1385.7500
   1971.5000   1401.2500
   1972.5000   1417.0000
   1973.5000   1433.0000
   1974.5000   1449.0000
   1975.5000   1465.0000
   1976.5000   1481.0000
   1977.5000   1497.2500
   1978.5000   1513.7500
   1979.5000   1530.2500
   1980.5000   1547.7500
   1981.5000   1566.7500
   1982.5000   1586.2500
   1983.5000   1605.8450
   1984.5000   1623.7050
   1985.5000   1637.9926
   1986.5000   1650.4351
   1987.5000   1662.2000
   1988.5000   1673.0699
   1989.5000   1683.4700
   1990.5000   1693.6300
   1991.5000   1703.8175
   1992.5000   1711.8000
   1993.5000   1716.2900
   1994.5000   1721.0125
   1995.5000   1726.3500
   1996.5000   1730.0100
   1997.5000   1734.8175
   1998.5000   1742.7100
   1999.5000   1749.2426
   2000.5000   1751.0225
   2001.5000   1750.7075
   2002.5000   1752.1875
   2003.5000   1754.7600
   2004.5000   1755.0649
   2005.5000   1753.7350
   2006.5000   1754.5142
   2007.5000   1757.2780
   2008.5000   1760.3918
   2009.5000   1763.7761
   2010.5000   1767.0978
   2011.5000   1770.3696
   2012.5000   1773.6340
   2013.5000   1776.9160
   2014.5000   1780.2441
   2015.5000   1783.6532
   2016.5000   1787.1405
   2017.5000   1790.6772
   2018.5000   1794.2446
   2019.5000   1797.8331
   2020.5000   1801.4336
   2021.5000   1804.9692
   2022.5000   1808.3032
   2023.5000   1811.4034
   2024.5000   1814.3245
   2025.5000   1817.1155
   2026.5000   1819.8284
   2027.5000   1822.4758
   2028.5000   1825.0416
   2029.5000   1827.5186
   2030.5000   1829.9083
   2031.5000   1832.2115
   2032.5000   1834.2573
   2033.5000   1835.9165
   2034.5000   1837.2698
   2035.5000   1838.3809
   2036.5000   1839.3058
   2037.5000   1840.1035
   2038.5000   1840.7917
   2039.5000   1841.3593
   2040.5000   1841.8029
   2041.5000   1842.1277
   2042.5000   1842.2412
   2043.5000   1841.9880
   2044.5000   1841.3496
   2045.5000   1840.4075
   2046.5000   1839.2273
   2047.5000   1837.8661
   2048.5000   1836.3831
   2049.5000   1834.7965
   2050.5000   1833.0944
   2051.5000   1831.2756
   2052.5000   1829.2097
   2053.5000   1826.7762
   2054.5000   1823.9312
   2055.5000   1820.6610
   2056.5000   1817.0522
   2057.5000   1813.1750
   2058.5000   1809.0911
   2059.5000   1804.8625
   2060.5000   1800.5112
   2061.5000   1796.0291
   2062.5000   1791.3398
   2063.5000   1786.3824
   2064.5000   1781.1776
   2065.5000   1775.6742
   2066.5000   1769.8516
   2067.5000   1763.7874
   2068.5000   1757.5446
   2069.5000   1751.1765
   2070.5000   1744.7388
   2071.5000   1738.2476
   2072.5000   1731.6149
   2073.5000   1724.7672
   2074.5000   1717.7216
   2075.5000   1710.4939
   2076.5000   1703.0317
   2077.5000   1695.3121
   2078.5000   1687.4257
   2079.5000   1679.5515
   2080.5000   1671.8286
   2081.5000   1664.2839
   2082.5000   1657.1219
   2083.5000   1650.4938
   2084.5000   1644.3245
   2085.5000   1638.5564
   2086.5000   1633.1396
   2087.5000   1627.9657
   2088.5000   1622.9629
   2089.5000   1618.1547
   2090.5000   1613.5543
   2091.5000   1609.1698
   2092.5000   1605.0135
   2093.5000   1601.0651
   2094.5000   1597.2812
   2095.5000   1593.6309
   2096.5000   1590.0931
   2097.5000   1586.6512
   2098.5000   1583.2279
   2099.5000   1579.7777
   2100.5000   1576.3458
   2101.5000   1572.9651
   2102.5000   1569.8136
   2103.5000   1567.0533
   2104.5000   1564.6447
   2105.5000   1562.5289
   2106.5000   1560.6602
   2107.5000   1559.0055
   2108.5000   1557.5365
   2109.5000   1556.1674
   2110.5000   1554.8445
