   12.1587    6.5070   10.7300   23.8226   19.2689   43.7116   35.7886  135.0955  239.2806  222.9263  138.7890  182.3105
  101.2186   72.2298   48.5104   28.2587   15.4827    6.0424    3.7148    3.0384    1.7734    1.9695    3.1789    1.0869
    1.0672
   6   1   5   6   1   9   5   9   7   8   1   1   1   1   1   1   1   1   1   1   1   1   1   1   1
  2500  2900  3400  4200  4700  5600  6200  8200 11500 14600 16700 20000 22300 24600 27500 30000 31900 33000 33800 34500
 35300 36500 40000 43300 57600
     9    10
      0.84      0.00      0.96      0.60      0.00      0.88      0.91      0.80      0.49      0.38      0.00      0.00
      0.00      0.00
      3.00   1013.25    500.00     50.00   1013.25     40.00    700.00   1013.25   1013.25    700.00   1013.25   1013.25
   1013.25   1013.25
 5.4E+02 1.0E-99 5.0E-02 1.6E-01 1.0E-99 1.3E-02 2.4E-06 3.3E-04 2.8E+00 1.0E-99 1.0E-99 1.0E-99 1.0E-99 1.0E-99
 7.2E-03 1.0E-99 1.3E-04 7.1E-03 1.0E-99 3.2E-02 6.6E-01 2.8E-04 7.0E-02 1.0E-99 1.0E-99 1.0E-99 1.0E-99 1.0E-99
 7.2E-04 1.0E-99 1.0E+03 1.0E-02 1.0E-99 4.2E-01 9.9E+03 6.6E+00 5.8E+05 1.0E-99 1.0E-99 1.0E-99 1.0E-99 1.0E-99
 1.0E-99 1.0E-99 1.0E+02 4.4E-03 1.0E-99 6.3E-01 7.2E+02 9.5E+00 1.0E+03 1.0E-99 1.0E-99 1.0E-99 1.0E-99 1.0E-99
 1.8E-05 1.0E-99 6.8E-02 1.0E-01 1.0E-99 4.1E-01 9.9E-01 5.6E-01 2.8E-02 1.0E-99 1.0E-99 1.0E-99 1.0E-99 1.0E-99
 4.0E-01 1.0E-99 5.0E-01 9.7E-02 1.0E-99 3.3E-02 4.9E-03 4.6E-01 9.4E-03 1.0E-99 1.0E-99 1.0E-99 1.0E-99 1.0E-99
 1.0E-99 1.0E-99 1.0E-99 1.0E-99 1.0E-99 1.0E-99 1.0E-99 3.4E-02 1.0E-99 3.9E-03 1.4E-07 1.0E-99 1.0E-99 1.0E-99
 1.0E-99 1.0E-99 1.0E-99 1.0E-99 1.0E-99 1.0E-99 1.0E-99 7.9E-06 1.0E-99 1.9E-03 4.9E-06 1.0E-99 1.0E-99 1.0E-99 2.7E-02
 1.0E-99 1.0E-99 1.0E-99 1.0E-99 1.0E-99 1.0E-99 1.0E-99 4.5E+05 1.0E-99 3.3E+03 5.2E+08 1.0E-99 1.0E-99 1.0E-99
 1.0E-99 1.0E-99 1.0E-99 1.0E-99 1.0E-99 1.0E-99 1.0E-99 9.8E+03 1.0E-99 1.5E+02 7.0E+04 1.0E-99 1.0E-99 1.0E-99 1.2E-01
 1.0E-99 1.0E-99 1.0E-99 1.0E-99 1.0E-99 1.0E-99 1.0E-99 8.4E-02 1.0E-99 2.1E-01 7.8E-01 1.0E-99 1.0E-99 1.0E-99
 1.0E-99 1.0E-99 1.0E-99 1.0E-99 1.0E-99 1.0E-99 1.0E-99 4.7E-01 1.0E-99 9.7E-02 4.6E-01 1.0E-99 1.0E-99 1.0E-99 1.5E-01
    9.312504E-02    4.000000E+00    0.000000E+00               F
    1.626168E-01    2.546100E-01    0.000000E+00               F
    1.433068E-01    1.489350E-02    0.000000E+00               F
    3.071999E-01    5.228619E-04    0.000000E+00               F
    2.737514E-01    0.000000E+00    0.000000E+00               F
    2.000000E-02    1.000000E+03    0.000000E+00               T
    1.000000E+00    3.524000E-02    0.000000E+00               F
    7.874545E-02    4.000000E+01    0.000000E+00               F
    2.476534E-01    2.923541E+00    0.000000E+00               F
    3.794250E-01    3.820742E-01    0.000000E+00               F
    2.755277E-01    4.629296E-02    0.000000E+00               F
    1.864845E-02    0.000000E+00    0.000000E+00               F
    1.921193E-01    5.000000E+01    0.000000E+00               F
    2.751345E-01    4.756542E+00    0.000000E+00               F
    2.480785E-01    3.740251E-01    0.000000E+00               F
    2.262776E-01    2.046388E-02    0.000000E+00               F
    1.839013E-02    0.000000E+00    0.000000E+00               F
    4.000000E-02    1.000000E+03    0.000000E+00               T
    1.000000E+00    1.443000E-02    0.000000E+00               F
    3.837498E-02    1.000000E+02    0.000000E+00               F
    8.791451E-02    6.131070E+00    0.000000E+00               F
    1.637795E-01    8.325077E-01    0.000000E+00               F
    1.189705E-01    2.336348E-01    0.000000E+00               F
    2.020078E-01    5.893526E-02    0.000000E+00               F
    1.509591E-01    4.474983E-03    0.000000E+00               F
    1.693291E-01    3.560266E-04    0.000000E+00               F
    6.466451E-02    0.000000E+00    0.000000E+00               F
    4.000000E-03    4.000000E+03    0.000000E+00               T
    1.605849E-02    4.000000E+00    0.000000E+00               F
    8.165883E-02    2.855524E-01    0.000000E+00               F
    6.004498E-02    5.188692E-02    0.000000E+00               F
    3.943264E-01    6.285804E-03    0.000000E+00               F
    4.479113E-01    0.000000E+00    0.000000E+00               F
    4.476276E-02    1.000000E+02    0.000000E+00               F
    1.119772E-01    1.124617E+01    0.000000E+00               F
    1.180453E-01    2.061909E+00    0.000000E+00               F
    6.352831E-02    6.405800E-01    0.000000E+00               F
    8.756711E-02    2.300286E-01    0.000000E+00               F
    5.027652E-02    8.792879E-02    0.000000E+00               F
    1.652990E-01    1.722225E-02    0.000000E+00               F
    3.485438E-01    0.000000E+00    0.000000E+00               F
    1.000000E-02    5.000000E+02    0.000000E+00               T
    5.315826E-03    5.000000E+01    0.000000E+00               F
    2.793918E-02    7.355553E+00    0.000000E+00               F
    4.138399E-02    2.057103E+00    0.000000E+00               F
    1.803244E-01    4.088761E-01    0.000000E+00               F
    1.955244E-01    6.036039E-02    0.000000E+00               F
    1.832192E-01    1.437820E-02    0.000000E+00               F
    3.662930E-01    0.000000E+00    0.000000E+00               F
    3.601121E-03    3.000000E+00    5.041992E+00               F
    1.291813E-02    7.057908E-01    5.041992E+00               F
    4.997123E-02    1.566582E-01    5.041992E+00               F
    8.941965E-02    3.665539E-02    5.041992E+00               F
    1.016408E-01    1.463247E-02    5.041992E+00               F
    1.407492E-01    5.343198E-03    5.041992E+00               F
    2.304239E-01    1.353690E-03    5.041992E+00               F
    3.712796E-01    0.000000E+00    5.041992E+00               F
    1.000000E+00    1.925000E-03    3.745368E+01               F
    1.000000E+00    2.025000E-03    4.021207E+01               F
    1.000000E+00    3.664000E-05    7.062558E+00               F
    1.000000E+00    6.239000E-05    9.620166E-01               F
    1.000000E+00    0.000000E+00    0.000000E+00               F
    1.000000E+00    0.000000E+00    9.738058E+00               F
    1.000000E+00    0.000000E+00    2.378498E+02               F
    1.000000E+00    0.000000E+00    1.567498E+03               F
    1.000000E+00    0.000000E+00    5.394976E+03               F
    1.000000E+00    0.000000E+00    1.207743E+04               F
    1.000000E+00    0.000000E+00    2.706951E+04               F
    1.000000E+00    0.000000E+00    5.277161E+04               F
    1.000000E+00    0.000000E+00    1.177364E+05               F
    1.000000E+00    0.000000E+00    1.035882E+05               F
    1.000000E+00    0.000000E+00    2.475921E+04               F
  151
  100   1.60000E-06
   11   2.88000E-05
   14   3.60000E-05
   18   4.59200E-05
   24   6.13200E-05
   33   8.55000E-05
   50   1.28600E-04
   83   2.16000E-04
   12   2.90580E-04
   12   3.10184E-04
   13   3.34152E-04
   15   3.58722E-04
   15   3.88050E-04
   17   4.20000E-04
   18   4.57056E-04
   20   4.96892E-04
   21   5.45160E-04
   24   6.00600E-04
   26   6.53600E-04
   30   7.25040E-04
   32   7.98660E-04
   37   9.11200E-04
   42   1.03680E-03
   47   1.18440E-03
   55   1.36682E-03
   64   1.57560E-03
   76   1.87440E-03
   91   2.25500E-03
  111   2.74500E-03
  139   3.39840E-03
  179   4.34000E-03
  238   5.75400E-03
  333   7.74000E-03
   41   9.53050E-03
   42   9.90192E-03
   45   1.02874E-02
   46   1.06803E-02
   48   1.11366E-02
   51   1.15830E-02
   53   1.21088E-02
   55   1.26420E-02
   58   1.32250E-02
   61   1.38088E-02
   64   1.44612E-02
   68   1.51164E-02
   71   1.58878E-02
   75   1.66500E-02
   79   1.75140E-02
   84   1.84450E-02
   89   1.94106E-02
   95   2.04864E-02
  101   2.17248E-02
  107   2.30640E-02
  115   2.44470E-02
  123   2.59840E-02
  133   2.75940E-02
  142   2.94138E-02
  154   3.13950E-02
  167   3.34800E-02
  181   3.57696E-02
  197   3.84054E-02
  217   4.13490E-02
  238   4.46880E-02
  263   4.82220E-02
  293   5.22918E-02
  326   5.70078E-02
  368   6.19888E-02
  417   6.54720E-02
  476   6.69060E-02
  549   6.81226E-02
  641   6.97788E-02
  758   7.12668E-02
  909   7.27100E-02
  101   7.31610E-02
  103   7.33471E-02
  105   7.34814E-02
  108   7.34717E-02
  109   7.35072E-02
  112   7.34939E-02
  115   7.35202E-02
  117   7.33249E-02
  119   7.31713E-02
  122   7.35462E-02
  125   7.36920E-02
  128   7.23677E-02
  130   7.25023E-02
  134   7.24258E-02
  137   7.20766E-02
  140   7.18284E-02
  143   7.32757E-02
  147   7.31645E-02
  151   7.33277E-02
  154   7.36128E-02
  158   7.33752E-02
  163   7.28965E-02
  166   7.24924E-02
  171   7.23307E-02
  175   7.21050E-02
  181   7.12620E-02
  185   7.10903E-02
  190   7.12714E-02
  196   7.08012E-02
  201   7.03752E-02
  207   7.00350E-02
  213   6.98639E-02
  219   6.90690E-02
  227   6.87621E-02
  233   6.52080E-02
  240   6.65184E-02
  248   6.60038E-02
  256   6.47615E-02
  264   6.44831E-02
  274   6.37206E-02
  282   6.24102E-02
  292   6.18698E-02
  303   6.06320E-02
  313   5.83498E-02
  325   5.67028E-02
  337   5.51232E-02
  349   5.48645E-02
  363   5.12340E-02
  377   4.85581E-02
  392   4.85010E-02
  408   4.79220E-02
  425   4.44058E-02
  444   4.48718E-02
  462   4.29373E-02
  483   4.15242E-02
  505   3.81744E-02
  529   3.16342E-02
  554   2.99615E-02
  580   2.92740E-02
  610   2.67484E-02
  641   1.76904E-02
  675   1.40049E-02
  711   1.46224E-02
  751   1.39993E-02
  793   1.19574E-02
  841   1.06386E-02
  891   1.00980E-02
  947   8.63808E-03
 1008   6.52736E-03
 1075   4.99410E-03
 1150   4.39350E-03
 1231   2.21676E-03
 1323   1.33812E-03
 1425   1.12320E-03
 1538   5.59000E-04
 1667   3.60000E-04
 1633   2.98080E-04
14300   7.46294E-05
