         311
   1800.5000      0.0000
   1801.5000      0.0000
   1802.5000      0.0000
   1803.5000      0.0000
   1804.5000      0.0000
   1805.5000      0.0000
   1806.5000      0.0000
   1807.5000      0.0000
   1808.5000      0.0000
   1809.5000      0.0000
   1810.5000      0.0000
   1811.5000      0.0000
   1812.5000      0.0000
   1813.5000      0.0000
   1814.5000      0.0000
   1815.5000      0.0000
   1816.5000      0.0000
   1817.5000      0.0000
   1818.5000      0.0000
   1819.5000      0.0000
   1820.5000      0.0000
   1821.5000      0.0000
   1822.5000      0.0000
   1823.5000      0.0000
   1824.5000      0.0000
   1825.5000      0.0000
   1826.5000      0.0000
   1827.5000      0.0000
   1828.5000      0.0000
   1829.5000      0.0000
   1830.5000      0.0000
   1831.5000      0.0000
   1832.5000      0.0000
   1833.5000      0.0000
   1834.5000      0.0000
   1835.5000      0.0000
   1836.5000      0.0000
   1837.5000      0.0000
   1838.5000      0.0000
   1839.5000      0.0000
   1840.5000      0.0000
   1841.5000      0.0000
   1842.5000      0.0000
   1843.5000      0.0000
   1844.5000      0.0000
   1845.5000      0.0000
   1846.5000      0.0000
   1847.5000      0.0000
   1848.5000      0.0000
   1849.5000      0.0000
   1850.5000      0.0000
   1851.5000      0.0000
   1852.5000      0.0000
   1853.5000      0.0000
   1854.5000      0.0000
   1855.5000      0.0000
   1856.5000      0.0000
   1857.5000      0.0000
   1858.5000      0.0000
   1859.5000      0.0000
   1860.5000      0.0000
   1861.5000      0.0000
   1862.5000      0.0000
   1863.5000      0.0000
   1864.5000      0.0000
   1865.5000      0.0000
   1866.5000      0.0000
   1867.5000      0.0000
   1868.5000      0.0000
   1869.5000      0.0000
   1870.5000      0.0000
   1871.5000      0.0000
   1872.5000      0.0000
   1873.5000      0.0000
   1874.5000      0.0000
   1875.5000      0.0000
   1876.5000      0.0000
   1877.5000      0.0000
   1878.5000      0.0000
   1879.5000      0.0000
   1880.5000      0.0000
   1881.5000      0.0000
   1882.5000      0.0000
   1883.5000      0.0000
   1884.5000      0.0000
   1885.5000      0.0000
   1886.5000      0.0000
   1887.5000      0.0000
   1888.5000      0.0000
   1889.5000      0.0000
   1890.5000      0.0000
   1891.5000      0.0000
   1892.5000      0.0000
   1893.5000      0.0000
   1894.5000      0.0000
   1895.5000      0.0000
   1896.5000      0.0000
   1897.5000      0.0000
   1898.5000      0.0000
   1899.5000      0.0000
   1900.5000      0.0000
   1901.5000      0.0000
   1902.5000      0.0000
   1903.5000      0.0000
   1904.5000      0.0000
   1905.5000      0.0000
   1906.5000      0.0000
   1907.5000      0.0000
   1908.5000      0.0000
   1909.5000      0.0000
   1910.5000      0.0000
   1911.5000      0.0000
   1912.5000      0.0000
   1913.5000      0.0000
   1914.5000      0.0000
   1915.5000      0.0000
   1916.5000      0.0000
   1917.5000      0.0000
   1918.5000      0.0000
   1919.5000      0.0000
   1920.5000      0.0000
   1921.5000      0.0000
   1922.5000      0.0000
   1923.5000      0.0000
   1924.5000      0.0000
   1925.5000      0.0000
   1926.5000      0.0000
   1927.5000      0.0000
   1928.5000      0.0000
   1929.5000      0.0000
   1930.5000      0.0000
   1931.5000      0.0000
   1932.5000      0.0000
   1933.5000      0.0000
   1934.5000      0.0000
   1935.5000      0.0000
   1936.5000      0.0000
   1937.5000      0.0000
   1938.5000      0.0000
   1939.5000      0.0035
   1940.5000      0.0105
   1941.5000      0.0173
   1942.5000      0.0240
   1943.5000      0.0305
   1944.5000      0.0404
   1945.5000      0.0536
   1946.5000      0.0700
   1947.5000      0.1002
   1948.5000      0.1649
   1949.5000      0.2881
   1950.5000      0.4966
   1951.5000      0.8132
   1952.5000      1.1675
   1953.5000      1.5770
   1954.5000      2.1490
   1955.5000      2.8860
   1956.5000      3.7950
   1957.5000      4.9210
   1958.5000      6.2365
   1959.5000      7.5570
   1960.5000      8.8185
   1961.5000     10.2955
   1962.5000     12.2350
   1963.5000     14.7150
   1964.5000     17.7950
   1965.5000     21.4950
   1966.5000     25.7750
   1967.5000     30.5750
   1968.5000     35.9550
   1969.5000     42.0500
   1970.5000     49.0500
   1971.5000     57.0650
   1972.5000     65.9650
   1973.5000     75.8350
   1974.5000     87.0400
   1975.5000     99.5600
   1976.5000    112.3000
   1977.5000    124.7000
   1978.5000    136.7000
   1979.5000    148.8000
   1980.5000    159.4000
   1981.5000    168.5500
   1982.5000    177.8500
   1983.5000    185.8000
   1984.5000    193.7500
   1985.5000    202.8500
   1986.5000    212.1000
   1987.5000    222.8000
   1988.5000    234.9000
   1989.5000    244.9000
   1990.5000    252.7500
   1991.5000    260.1500
   1992.5000    264.9500
   1993.5000    267.7500
   1994.5000    269.5000
   1995.5000    269.5000
   1996.5000    268.9500
   1997.5000    268.2000
   1998.5000    266.9500
   1999.5000    265.2000
   2000.5000    263.4500
   2001.5000    261.9000
   2002.5000    260.1000
   2003.5000    257.9500
   2004.5000    256.0500
   2005.5000    254.1000
   2006.5000    251.3000
   2007.5000    247.9500
   2008.5000    244.6000
   2009.5000    241.0284
   2010.5000    237.2841
   2011.5000    233.5385
   2012.5000    229.7963
   2013.5000    226.0648
   2014.5000    222.3503
   2015.5000    218.6599
   2016.5000    214.9956
   2017.5000    211.3562
   2018.5000    207.7411
   2019.5000    204.1512
   2020.5000    200.5871
   2021.5000    197.0414
   2022.5000    193.5105
   2023.5000    190.0018
   2024.5000    186.5210
   2025.5000    183.0730
   2026.5000    179.6632
   2027.5000    176.2929
   2028.5000    172.9606
   2029.5000    169.6654
   2030.5000    166.4074
   2031.5000    163.1866
   2032.5000    159.9964
   2033.5000    156.8331
   2034.5000    153.7024
   2035.5000    150.6086
   2036.5000    147.5553
   2037.5000    144.5466
   2038.5000    141.5831
   2039.5000    138.6631
   2040.5000    135.7857
   2041.5000    132.9504
   2042.5000    130.1570
   2043.5000    127.3998
   2044.5000    124.6756
   2045.5000    121.9887
   2046.5000    119.3420
   2047.5000    116.7382
   2048.5000    114.1801
   2049.5000    111.6677
   2050.5000    109.1995
   2051.5000    106.7742
   2052.5000    104.3916
   2053.5000    102.0514
   2054.5000     99.7486
   2055.5000     97.4806
   2056.5000     95.2502
   2057.5000     93.0596
   2058.5000     90.9106
   2059.5000     88.8050
   2060.5000     86.7427
   2061.5000     84.7221
   2062.5000     82.7420
   2063.5000     80.8016
   2064.5000     78.9004
   2065.5000     77.0343
   2066.5000     75.2010
   2067.5000     73.4024
   2068.5000     71.6399
   2069.5000     69.9147
   2070.5000     68.2281
   2071.5000     66.5796
   2072.5000     64.9677
   2073.5000     63.3915
   2074.5000     61.8500
   2075.5000     60.3427
   2076.5000     58.8663
   2077.5000     57.4186
   2078.5000     56.0012
   2079.5000     54.6149
   2080.5000     53.2605
   2081.5000     51.9387
   2082.5000     50.6492
   2083.5000     49.3908
   2084.5000     48.1622
   2085.5000     46.9628
   2086.5000     45.7917
   2087.5000     44.6463
   2088.5000     43.5248
   2089.5000     42.4282
   2090.5000     41.3568
   2091.5000     40.3111
   2092.5000     39.2916
   2093.5000     38.2977
   2094.5000     37.3283
   2095.5000     36.3825
   2096.5000     35.4597
   2097.5000     34.5593
   2098.5000     33.6791
   2099.5000     32.8179
   2100.5000     31.9762
   2101.5000     31.1545
   2102.5000     30.3529
   2103.5000     29.5719
   2104.5000     28.8109
   2105.5000     28.0692
   2106.5000     27.3460
   2107.5000     26.6408
   2108.5000     25.9532
   2109.5000     25.2815
   2110.5000     24.6248
