  0.416516E+02
  0.993856E-01
  0.115749E-01
 -0.425616E-04
  0.119546E-01
 -0.343610E-04
  0.120000E+04
  0.140000E+04
  0.191916E+01  0.813840E+02
  0.191841E+00  0.147305E+00
  0.174097E-01  0.114313E-01
 -0.317609E-04 -0.432460E-04
  0.179228E-01  0.109031E-01
 -0.347266E-04 -0.361374E-04
  0.120000E+04  0.130000E+04
  0.130000E+04  0.140000E+04
  0.676625E+00  0.316169E+01  0.208415E+02  0.141927E+03
  0.155982E+00  0.249785E+00  0.247080E+00  0.152715E+00
  0.166392E-01  0.175692E-01  0.175389E-01  0.105481E-01
 -0.428283E-04 -0.295058E-04 -0.566292E-04 -0.443731E-04
  0.184822E-01  0.177179E-01  0.140172E-01  0.938797E-02
 -0.337057E-04 -0.351393E-04 -0.386980E-04 -0.366436E-04
  0.120000E+04  0.125000E+04  0.130000E+04  0.135000E+04
  0.125000E+04  0.130000E+04  0.135000E+04  0.140000E+04
  0.587965E+00  0.501611E+00  0.740500E+00  0.555079E+01  0.221491E+01
  0.141263E+02  0.215772E+02  0.208761E+02  0.112267E+03  0.238073E+03
  0.136093E+00  0.215200E+00  0.215289E+00  0.196231E+00  0.433159E+00
  0.279419E+00  0.263223E+00  0.202895E+00  0.211683E+00  0.151673E+00
  0.189824E-01  0.175350E-01  0.142808E-01  0.142165E-01  0.260793E-01
  0.182821E-01  0.199166E-01  0.147737E-01  0.124860E-01  0.951027E-02
 -0.660707E-04 -0.275910E-04 -0.274332E-04 -0.415313E-04 -0.524774E-04
 -0.573604E-04 -0.721160E-04 -0.477693E-04 -0.483700E-04 -0.441301E-04
  0.179076E-01  0.188315E-01  0.165058E-01  0.163390E-01  0.198982E-01
  0.156372E-01  0.143535E-01  0.116195E-01  0.100036E-01  0.846707E-02
 -0.493954E-04 -0.282847E-04 -0.155592E-04 -0.389195E-04 -0.380731E-04
 -0.462165E-04 -0.410551E-04 -0.260344E-04 -0.367164E-04 -0.385911E-04
  0.120000E+04  0.122000E+04  0.124000E+04  0.126000E+04  0.128000E+04
  0.130000E+04  0.132000E+04  0.134000E+04  0.136000E+04  0.138000E+04
  0.122000E+04  0.124000E+04  0.126000E+04  0.128000E+04  0.130000E+04
  0.132000E+04  0.134000E+04  0.136000E+04  0.138000E+04  0.140000E+04
  0.290804E-01  0.114685E+01  0.895400E+00  0.107823E+00  0.120397E+01
  0.277030E+00  0.646725E+01  0.463433E+01  0.319042E+01  0.123940E+01
  0.211250E+01  0.261400E+02  0.630879E+01  0.368457E+02  0.328004E+02
  0.895182E+01  0.117313E+03  0.107221E+03  0.138428E+03  0.337719E+03
  0.374292E+00  0.185647E+00  0.245272E+00  0.329443E+00  0.133894E+00
  0.569070E+00  0.303969E+00  0.101321E+00  0.457348E+00  0.455111E+00
  0.294776E+00  0.387918E+00  0.392153E+00  0.276787E+00  0.207107E+00
  0.254630E+00  0.227533E+00  0.195926E+00  0.122482E+00  0.184826E+00
  0.155986E-01  0.190849E-01  0.170891E-01  0.204949E-01  0.137236E-01
  0.163386E-01  0.173767E-01  0.992271E-02  0.246727E-01  0.298153E-01
  0.195828E-01  0.181777E-01  0.141307E-01  0.211370E-01  0.139938E-01
  0.177067E-01  0.149364E-01  0.100010E-01  0.121674E-01  0.846801E-02
  0.801432E-06 -0.680987E-04 -0.387130E-04  0.494540E-04 -0.408797E-04
  0.235786E-04 -0.521802E-04 -0.428909E-04 -0.510800E-04 -0.656237E-04
 -0.603673E-04 -0.571917E-04 -0.994268E-05 -0.880330E-04 -0.464280E-04
 -0.581427E-04 -0.661838E-04 -0.358409E-04 -0.587810E-04 -0.401985E-04
  0.197886E-01  0.174551E-01  0.196549E-01  0.168556E-01  0.186971E-01
  0.143132E-01  0.187366E-01  0.116607E-01  0.183220E-01  0.224222E-01
  0.136826E-01  0.161362E-01  0.131733E-01  0.149621E-01  0.110063E-01
  0.126772E-01  0.111216E-01  0.877621E-02  0.105100E-01  0.740604E-02
 -0.961351E-05 -0.589351E-04 -0.368548E-04 -0.874701E-05 -0.209928E-04
 -0.125020E-04 -0.539426E-04 -0.172776E-04 -0.402745E-04 -0.371294E-04
 -0.275732E-04 -0.512105E-04 -0.169612E-04 -0.534664E-04 -0.264250E-04
 -0.258023E-04 -0.470294E-04 -0.259680E-04 -0.411320E-04 -0.380929E-04
  0.120000E+04  0.121000E+04  0.122000E+04  0.123000E+04  0.124000E+04
  0.125000E+04  0.126000E+04  0.127000E+04  0.128000E+04  0.129000E+04
  0.130000E+04  0.131000E+04  0.132000E+04  0.133000E+04  0.134000E+04
  0.135000E+04  0.136000E+04  0.137000E+04  0.138000E+04  0.139000E+04
  0.121000E+04  0.122000E+04  0.123000E+04  0.124000E+04  0.125000E+04
  0.126000E+04  0.127000E+04  0.128000E+04  0.129000E+04  0.130000E+04
  0.131000E+04  0.132000E+04  0.133000E+04  0.134000E+04  0.135000E+04
  0.136000E+04  0.137000E+04  0.138000E+04  0.139000E+04  0.140000E+04
