  0.309494E+01
  0.503391E-01
  0.180398E-01
 -0.556428E-04
  0.186251E-01
 -0.571712E-04
  0.560000E+03
  0.800000E+03
  0.347839E+02
  0.151896E+05  0.331743E+04  0.526549E+03  0.162813E+03  0.268531E+03
  0.534040E+02  0.267777E+02  0.123003E+02  0.790655E+01  0.208292E+01
  0.435231E+00  0.501124E-01  0.167058E-01  0.213731E-01  0.211154E+00
  0.458804E-02
  0.153898E+00  0.116352E+00  0.102814E+00  0.966280E-01  0.128586E+00
  0.119393E+00  0.898891E-01  0.645340E-01  0.676982E-01  0.691090E-01
  0.660834E-01  0.730815E-01  0.654709E-01  0.848528E-01  0.852302E-01
  0.242787E+00
 -0.531605E-03  0.679588E-02  0.145133E-01  0.928230E-02  0.120727E-01
  0.159210E-01  0.175268E-01  0.150281E-01  0.168815E-01  0.211690E-01
  0.224373E-01  0.257869E-01  0.282310E-01  0.293583E-01  0.204657E-01
  0.383510E-01
 -0.122002E-04 -0.335081E-04 -0.449999E-04 -0.231290E-04 -0.385298E-04
 -0.157170E-04  0.183434E-04 -0.501718E-04 -0.560024E-04 -0.645285E-04
 -0.559339E-04 -0.456444E-04 -0.788833E-04 -0.105692E-03 -0.811350E-04
 -0.103490E-03
 -0.156433E-02  0.611348E-02  0.134469E-01  0.871421E-02  0.133191E-01
  0.164697E-01  0.199640E-01  0.163219E-01  0.167628E-01  0.195779E-01
  0.228872E-01  0.274006E-01  0.305678E-01  0.292862E-01  0.201527E-01
  0.373711E-01
 -0.698856E-05 -0.295269E-04 -0.503674E-04 -0.268392E-04 -0.496663E-04
 -0.333122E-04 -0.337346E-04 -0.258706E-04 -0.510036E-04 -0.643516E-04
 -0.722669E-04 -0.742132E-04 -0.903238E-04 -0.102388E-03 -0.702017E-04
 -0.120756E-03
  0.000000E+00  0.000000E+00  0.000000E+00  0.000000E+00  0.000000E+00
  0.000000E+00  0.000000E+00  0.000000E+00  0.560000E+03  0.630000E+03
  0.700000E+03  0.800000E+03  0.900000E+03  0.990000E+03  0.107000E+04
  0.227000E+04
  0.000000E+00  0.000000E+00  0.000000E+00  0.000000E+00  0.000000E+00
  0.000000E+00  0.000000E+00  0.000000E+00  0.630000E+03  0.700000E+03
  0.800000E+03  0.900000E+03  0.990000E+03  0.107000E+04  0.120000E+04
  0.238000E+04
  0.000000E+00  0.000000E+00  0.000000E+00  0.000000E+00  0.188625E+03
  0.144293E+03  0.174098E+03  0.909365E+02  0.565430E+02  0.343645E+02
  0.198461E+02  0.113124E+02  0.754175E+01  0.589554E+01  0.495227E+01
  0.000000E+00
