  0.354607E+00  0.269717E+03  0.166982E+03  0.201213E+04  0.964095E+03
  0.547695E+04  0.152865E+04  0.599142E+04  0.698994E+04  0.856300E+04
  0.962028E+04  0.233234E+04  0.127030E+05  0.104333E+05  0.504001E+04
  0.181141E+05  0.856108E+03  0.136289E+05  0.288504E+04  0.170133E+04
  0.209661E+05  0.126746E+04  0.110045E+05  0.336318E+03  0.491442E+04
  0.863312E+04  0.540162E+03  0.439594E+04  0.347686E+04  0.130509E+03
  0.465138E+04  0.252980E+03  0.257281E+04  0.487818E+03  0.892649E+03
  0.117102E+04  0.125824E+03  0.458691E+03  0.142911E+03  0.446193E+03
  0.302784E+02  0.394289E+03  0.437974E+02  0.348684E+02  0.615257E+02
  0.143108E+03  0.103931E+02  0.724808E+02  0.316488E+02  0.946109E+01
  0.514955E+02  0.334567E+02  0.283311E+02  0.366456E+01  0.121075E+02
  0.526223E+01  0.131335E+02  0.101161E+02  0.699680E+01  0.119522E+02
  0.301404E+01  0.452901E+01  0.411447E+01  0.574828E+01  0.109389E+01
  0.189718E+01  0.172210E+01  0.544308E+00  0.171747E+01  0.179105E+01
  0.156706E+01  0.263400E+00  0.193568E+00  0.234190E+00  0.711962E+00
  0.254840E+00  0.567579E-01  0.220586E+00  0.208464E+00  0.650282E+00
  0.115546E+00  0.426542E-01  0.438656E-01  0.191775E-01  0.481548E-01
  0.101133E+00  0.132299E-01  0.433540E-01  0.545093E-01  0.493251E-02
  0.344072E-01  0.396128E-02  0.309702E-01  0.323511E-03  0.271434E-01
  0.122744E-01  0.273609E-02  0.213622E-01  0.167675E-02  0.260639E-02
  0.526345E-02  0.348209E-01  0.167714E-01  0.657931E-02  0.769908E-02
  0.113323E-01  0.820145E-01  0.289136E-01  0.581798E-02  0.435649E-01
  0.104304E+00  0.679453E-01  0.980434E-01  0.369302E+00  0.761648E-01
  0.704199E-01  0.150598E+00  0.828463E+00  0.565187E+00  0.373191E+00
  0.298891E-01  0.114453E+01  0.902294E+00  0.106017E+00  0.119317E+01
  0.272503E+00  0.646850E+01  0.469530E+01  0.309780E+01  0.119654E+01
  0.206962E+01  0.257866E+02  0.629791E+01  0.359927E+02  0.326113E+02
  0.890073E+01  0.115211E+03  0.107168E+03  0.135470E+03  0.337147E+03
  0.729800E+02  0.488395E+03  0.169762E+03  0.453148E+03  0.120340E+03
  0.111787E+04  0.315157E+03  0.811198E+03  0.354122E+03  0.875029E+03
  0.169973E+04  0.534311E+03  0.144625E+04  0.141718E+04  0.153616E+04
  0.196675E+04  0.137177E+04  0.108660E+04  0.589050E+01  0.387564E+02
  0.936863E+02  0.980819E+03  0.545412E+03  0.107954E+04  0.930913E+03
  0.235872E+04  0.827635E+03  0.712399E+03  0.159757E+04  0.196695E+04
  0.100445E+04  0.127092E+04  0.476598E+02  0.148930E+04  0.314665E+03
  0.437345E+03  0.374387E+03  0.784557E+03  0.140220E+03  0.559510E+03
  0.652259E+02  0.824493E+02  0.181302E+03  0.190454E+03  0.386360E+03
  0.515324E+01  0.227646E+03  0.432465E+01  0.758792E+02  0.235112E+02
  0.340854E+02  0.108534E+03  0.376940E+02  0.141578E+01  0.651698E+02
  0.358992E+01  0.233401E+02  0.413276E+00  0.604292E+01  0.299367E+02
  0.118789E+01  0.125288E+02  0.128736E+01  0.221401E+00  0.477874E+01
  0.197982E-01  0.545328E+01  0.607594E+00  0.390593E+00  0.147328E+01
  0.238359E+00  0.472259E+00  0.146365E+00  0.653350E+00  0.166004E+00
  0.125313E+00  0.153026E+00  0.433697E-01  0.845333E-01  0.144095E-01
  0.768019E-01  0.387615E-01  0.103168E-01  0.185409E-01  0.221717E-01
  0.415422E-01  0.633702E-02  0.165889E-01  0.645429E-02  0.885785E-02
  0.415584E-02  0.316943E-02  0.231774E-02  0.152991E-02  0.655362E-03
  0.734032E-03  0.322412E-03  0.465687E-03  0.208362E-03  0.174862E-03
  0.245521E-03  0.801522E-04  0.332217E-03  0.232031E-03  0.103536E-03
  0.179020E-03  0.260836E-03  0.327322E-03  0.362512E-03  0.379054E-03
  0.601197E-03  0.100337E-02  0.715338E-03  0.272020E-02  0.448389E-02
  0.231751E-02  0.101061E-01  0.135725E-01  0.151285E-01  0.269965E-01
  0.565011E-01  0.234689E-01  0.875020E-01  0.898100E-01  0.756126E-01
  0.963691E-01  0.943565E-01  0.103016E+00  0.634175E-01  0.668188E-01
  0.393160E-01  0.108483E+00  0.295540E+00  0.543783E-01  0.128634E-01
  0.993908E-01  0.108590E+00  0.107672E+00  0.130569E+00  0.886828E-01
  0.119560E+00  0.114398E+00  0.833033E-01  0.626541E-01  0.480866E-01
  0.331896E-01  0.288256E-01  0.447252E-01  0.131493E-01  0.778163E-01
  0.473296E-01  0.321242E-01  0.943780E-02  0.535232E+00  0.590062E-01
  0.330182E+00  0.626692E+00  0.155181E+01  0.167796E+01  0.152917E+01
  0.878969E-01  0.957417E-01  0.721706E-01  0.255605E+00  0.196279E+00
  0.276581E+00  0.282493E+00  0.340670E+00  0.194974E+00  0.231575E+00
  0.286348E+00  0.133307E+00  0.216520E+00  0.230678E+00  0.141230E+00
  0.188483E+00  0.198764E+00  0.180630E+00  0.118650E+00  0.119109E+00
  0.146620E+00  0.220512E+00  0.155121E+00  0.977295E-01  0.156240E+00
  0.877811E-01  0.779213E-01  0.103198E+00  0.175762E+00  0.137990E+00
  0.107182E+00  0.886282E-01  0.151617E+00  0.898408E-01  0.108868E+00
  0.188265E+00  0.785402E-01  0.111325E+00  0.126149E+00  0.181824E+00
  0.864311E-01  0.121598E+00  0.137021E+00  0.976747E-01  0.159258E+00
  0.167848E+00  0.165549E+00  0.115973E+00  0.731091E-01  0.758722E-01
  0.850227E-01  0.157183E+00  0.468632E-01  0.927588E-01  0.154429E+00
  0.113993E+00  0.109082E+00  0.441468E-01  0.121156E+00  0.998867E-01
  0.565164E-01  0.100716E+00  0.679636E-01  0.121689E+00  0.887535E-01
  0.908388E-01  0.922751E-01  0.142047E+00  0.568569E-01  0.147897E+00
  0.124731E+00  0.106252E+00  0.861768E-01  0.704575E-01  0.119237E+00
  0.832312E-01  0.103164E+00  0.112460E+00  0.521082E-01  0.144896E+00
  0.118602E+00  0.100001E+00  0.134624E+00  0.679090E-01  0.112234E+00
  0.136876E+00  0.651982E-01  0.941671E-01  0.120222E+00  0.145869E+00
  0.629151E-01  0.140172E+00  0.109945E+00  0.235785E+00  0.102043E+00
  0.141365E+00  0.194397E+00  0.222194E+00  0.148981E+00  0.133391E+00
  0.215243E+00  0.135048E+00  0.172190E+00  0.204548E+00  0.971654E-01
  0.141712E+00  0.840508E-01  0.126226E+00  0.194928E+00  0.913806E-01
  0.101208E+00  0.116664E+00  0.100747E+00  0.115486E+00  0.989053E-01
  0.163033E+00  0.237128E+00  0.923015E-01  0.867512E-01  0.142976E+00
  0.404623E+00  0.181677E+00  0.248830E+00  0.344113E+00  0.135865E+00
  0.600568E+00  0.274657E+00  0.109030E+00  0.425958E+00  0.418903E+00
  0.285444E+00  0.351285E+00  0.377525E+00  0.271518E+00  0.200774E+00
  0.256075E+00  0.221675E+00  0.189610E+00  0.123262E+00  0.182728E+00
  0.100732E+00  0.181954E+00  0.170254E+00  0.166695E+00  0.936202E-01
  0.253703E+00  0.825656E-01  0.170950E+00  0.229599E+00  0.173936E+00
  0.321649E+00  0.399965E+00  0.371562E+00  0.283798E+00  0.265301E+00
  0.305085E+00  0.170995E+00  0.721468E-01  0.197995E+00  0.247396E+00
  0.337772E+00  0.594329E-01  0.170360E+00  0.164212E+00  0.202389E+00
  0.195167E+00  0.197078E+00  0.241081E+00  0.182351E+00  0.201006E+00
  0.265636E+00  0.205552E+00  0.198563E+00  0.223154E+00  0.333180E+00
  0.120084E+00  0.112057E+00  0.132652E+00  0.183995E+00  0.186955E+00
  0.116953E+00  0.938689E-01  0.133865E+00  0.107096E+00  0.134268E+00
  0.238823E+00  0.145901E+00  0.978043E-01  0.765475E-01  0.795964E-01
  0.140857E+00  0.638369E-01  0.795227E-01  0.169846E+00  0.145137E+00
  0.148195E+00  0.853644E-01  0.948270E-01  0.856409E-01  0.126852E+00
  0.135108E+00  0.107260E+00  0.167826E+00  0.184248E+00  0.109582E+00
  0.463897E+00  0.103385E+00  0.157225E+00  0.127698E+00  0.142298E+00
  0.182083E+00  0.153212E+00  0.299371E+00  0.180187E+00  0.210249E+00
  0.141506E+00  0.110755E+00  0.137710E+00  0.224727E+00  0.215668E+00
  0.199039E+00  0.415292E+00  0.411712E+00  0.310967E+00  0.269199E+00
  0.474887E+00  0.151977E+00  0.491777E+00  0.277285E+00  0.316812E+00
  0.306784E+00  0.242732E+00  0.300495E+00  0.407309E+00  0.198116E+00
  0.353529E+00  0.338364E+00  0.293257E+00  0.332903E+00  0.138387E+00
  0.264229E+00  0.208005E+00  0.292076E+00  0.231559E+00  0.207030E+00
  0.334365E+00  0.454169E+00  0.491038E+00  0.560445E+00  0.324918E+00
  0.458811E+00  0.606435E+00  0.355157E+00  0.636473E+00  0.340630E+00
  0.485631E+00  0.342238E+00  0.372499E+00  0.351141E+00  0.298814E+00
  0.482091E+00  0.238762E+00  0.470948E+00  0.275045E+00  0.369451E+00
  0.353340E+00  0.264865E+00  0.374831E+00  0.399293E+00  0.389955E+00
  0.606140E+00  0.140200E+01  0.859046E+00  0.586936E+00  0.730082E+00
  0.634637E+00  0.334937E+00  0.296406E+00  0.568532E+00  0.631707E+00
  0.511050E+00  0.762883E+00  0.101556E+01  0.717788E+00  0.102193E+01
  0.101050E+01  0.885788E+00  0.743235E+00  0.129334E+01  0.370225E+00
  0.630484E+00  0.424360E+00  0.109500E+01  0.352882E+00  0.390643E+00
  0.273400E+00  0.263646E+00  0.164328E+00  0.270680E+00  0.185751E+00
 -0.674112E-02 -0.915564E-02 -0.802659E-02 -0.658363E-02 -0.238476E-02
 -0.714554E-02 -0.197102E-02 -0.442691E-02 -0.435668E-02 -0.598204E-02
 -0.191422E-02 -0.353159E-02 -0.198337E-02 -0.129245E-02 -0.381902E-02
 -0.138271E-02  0.545246E-02 -0.152644E-02  0.266814E-02  0.138324E-01
 -0.728355E-03  0.111897E-01  0.111927E-02  0.214799E-01  0.387122E-02
  0.397318E-02  0.929840E-02  0.653899E-02  0.734085E-02  0.190020E-01
  0.104380E-01  0.916701E-02  0.108516E-01  0.304527E-02  0.163847E-01
  0.147552E-01  0.484517E-02  0.223160E-01  0.565745E-02  0.197615E-01
  0.245476E-01  0.115900E-01  0.269775E-01  0.176009E-01  0.128694E-01
  0.134663E-01  0.391086E-01  0.117014E-01  0.689996E-02  0.202252E-01
  0.137894E-01  0.215590E-01  0.154419E-01  0.852952E-02  0.111515E-01
  0.185447E-01  0.100082E-01  0.210993E-01  0.238337E-01  0.162522E-01
  0.300801E-01  0.105933E-01  0.202212E-01  0.236369E-01  0.183786E-01
  0.201040E-01  0.944848E-02  0.222645E-01  0.253278E-01  0.261712E-01
  0.208743E-01  0.287733E-01  0.203530E-01  0.133556E-01  0.293946E-01
  0.277677E-01  0.101114E-01  0.303703E-01  0.205088E-01  0.216739E-01
  0.294675E-01  0.334639E-01  0.181196E-01  0.347565E-01  0.237133E-01
  0.316075E-01  0.387457E-01  0.225977E-01  0.178198E-01  0.399232E-01
  0.327044E-01  0.479391E-01  0.248860E-01  0.439661E-01  0.269298E-01
  0.277125E-01  0.404751E-01  0.288920E-01  0.291650E-01  0.356586E-01
  0.252142E-01  0.348402E-01  0.257964E-01  0.349106E-01  0.253522E-01
  0.276722E-01  0.285497E-01  0.292674E-01  0.204460E-01  0.361822E-01
  0.268885E-01  0.176671E-01  0.239957E-01  0.225929E-01  0.264576E-01
  0.254901E-01  0.139391E-01  0.189316E-01  0.208139E-01  0.173141E-01
  0.151611E-01  0.190941E-01  0.168423E-01  0.198881E-01  0.135927E-01
  0.160874E-01  0.172402E-01  0.988010E-02  0.246151E-01  0.295935E-01
  0.195042E-01  0.180925E-01  0.139668E-01  0.211081E-01  0.139838E-01
  0.177246E-01  0.149078E-01  0.100029E-01  0.121846E-01  0.848362E-02
  0.100771E-01  0.682425E-02  0.473424E-02  0.567833E-02  0.716211E-02
  0.308431E-02 -0.843640E-03  0.364303E-02  0.383601E-02  0.908334E-03
 -0.129196E-03  0.511180E-02  0.241357E-02 -0.180126E-02 -0.357464E-03
 -0.350099E-03 -0.216234E-02 -0.493286E-02  0.626400E-02  0.101474E-02
 -0.452348E-03 -0.547737E-02 -0.424697E-02 -0.352330E-02 -0.167979E-02
 -0.364104E-02 -0.339085E-02 -0.818522E-03 -0.115064E-02 -0.218747E-02
 -0.709809E-03  0.132129E-02  0.101034E-01  0.319418E-03  0.430733E-02
  0.802675E-02  0.659032E-02 -0.211146E-02  0.717215E-02  0.109820E-02
  0.158739E-01  0.495635E-02  0.401842E-02  0.207518E-02  0.208033E-02
  0.127587E-01  0.329371E-02  0.217114E-01  0.586932E-02  0.684036E-02
  0.726347E-02  0.569978E-02  0.107853E-01  0.183680E-01  0.780724E-02
  0.117529E-01  0.120185E-01  0.192487E-02  0.160085E-01  0.116814E-01
  0.148287E-01  0.160255E-01  0.124094E-01  0.245972E-01  0.167400E-01
  0.267555E-01  0.185276E-01  0.142587E-01  0.271297E-01  0.223403E-01
  0.116367E-01  0.289453E-01  0.114534E-01  0.244402E-01  0.229974E-01
  0.178632E-01  0.336295E-01  0.119841E-01  0.278869E-01  0.296373E-01
  0.294321E-01  0.307944E-01  0.283703E-01  0.403970E-01  0.333656E-01
  0.277775E-01  0.278257E-01  0.393931E-01  0.351165E-01  0.431698E-01
  0.423697E-01  0.347923E-01  0.475357E-01  0.385719E-01  0.471112E-01
  0.422256E-01  0.358637E-01  0.393610E-01  0.364414E-01  0.323383E-01
  0.370174E-01  0.261758E-01  0.337439E-01  0.308218E-01  0.303782E-01
  0.168746E-01  0.282982E-01  0.164007E-01  0.290528E-01  0.235762E-01
  0.202415E-01  0.239656E-01  0.190202E-01  0.209502E-01  0.186048E-01
  0.190285E-01  0.143886E-01  0.134906E-01  0.118903E-01  0.889702E-02
  0.697842E-02  0.461406E-02  0.407698E-02  0.112190E-02  0.113339E-02
 -0.604666E-03 -0.185604E-02 -0.280767E-02 -0.293365E-02 -0.342703E-02
 -0.173808E-02  0.460593E-02 -0.168771E-02 -0.325938E-02 -0.107765E-02
 -0.436307E-02 -0.437605E-02 -0.377701E-02 -0.162173E-02 -0.105504E-02
 -0.608602E-03  0.226344E-02  0.255516E-02  0.550109E-02  0.486823E-02
  0.398448E-02  0.956504E-02  0.601414E-02  0.590663E-02  0.145071E-01
  0.124962E-01  0.252539E-01  0.152820E-01  0.124903E-01  0.183503E-01
  0.211741E-01  0.138699E-01  0.964883E-02  0.992552E-02  0.115336E-01
  0.654398E-05  0.165936E-04  0.121990E-04  0.702921E-05 -0.602449E-05
  0.138919E-04 -0.676272E-05  0.226676E-05  0.247827E-05  0.111678E-04
 -0.788604E-05  0.125304E-04 -0.723244E-05 -0.102072E-05  0.277796E-06
 -0.214585E-05 -0.305296E-04 -0.262244E-05 -0.204693E-04 -0.737234E-04
 -0.160561E-04 -0.381891E-04 -0.198983E-04 -0.983941E-04 -0.224348E-04
 -0.348870E-04 -0.397673E-04 -0.428031E-04 -0.412161E-04 -0.849067E-04
 -0.599312E-04 -0.320471E-04 -0.451912E-04 -0.286198E-04 -0.773722E-04
 -0.547324E-04 -0.244014E-04 -0.105850E-03 -0.871947E-05 -0.673875E-04
 -0.109781E-03 -0.332456E-04 -0.683207E-04  0.478239E-04  0.409333E-04
 -0.556389E-04 -0.146083E-03 -0.428026E-04  0.389977E-05 -0.533733E-04
 -0.429113E-04 -0.848357E-04 -0.734896E-04  0.472090E-05 -0.391085E-04
 -0.528130E-04 -0.462251E-04 -0.913820E-04 -0.927581E-04 -0.732450E-04
 -0.134922E-03 -0.511185E-04 -0.747537E-04 -0.857509E-04 -0.630255E-04
 -0.763708E-04 -0.465670E-04 -0.125482E-04 -0.103416E-03 -0.100439E-03
 -0.528578E-04 -0.915089E-04 -0.806367E-04 -0.379652E-04 -0.951195E-04
 -0.848322E-04  0.388760E-04 -0.132349E-03 -0.955224E-04 -0.608082E-04
 -0.425011E-04 -0.122589E-03 -0.140552E-04 -0.133316E-03 -0.681464E-04
 -0.834545E-04 -0.163838E-03 -0.945767E-04 -0.259127E-04 -0.150873E-03
 -0.118178E-03 -0.170148E-03 -0.526937E-04 -0.353683E-04 -0.102149E-03
 -0.352914E-04 -0.149304E-03 -0.102108E-03 -0.104645E-03 -0.116110E-03
 -0.363776E-04 -0.140061E-03 -0.983353E-04 -0.723039E-04 -0.765695E-04
 -0.910642E-04 -0.122582E-03 -0.119438E-03 -0.797967E-04 -0.155660E-03
 -0.102103E-03 -0.668596E-04 -0.106103E-03 -0.101794E-03 -0.112306E-03
 -0.954371E-04 -0.630219E-04 -0.797774E-04 -0.919162E-04 -0.786442E-04
 -0.535779E-05 -0.686794E-04 -0.404492E-04  0.475014E-04 -0.425424E-04
  0.214896E-04 -0.527283E-04 -0.436842E-04 -0.511716E-04 -0.645196E-04
 -0.616710E-04 -0.571851E-04 -0.110017E-04 -0.881747E-04 -0.465653E-04
 -0.584604E-04 -0.662463E-04 -0.359156E-04 -0.590085E-04 -0.403508E-04
 -0.484831E-04 -0.338489E-04 -0.190083E-04 -0.262840E-04 -0.383138E-04
 -0.176085E-04 -0.735782E-05 -0.231181E-04 -0.106746E-04 -0.129544E-04
 -0.143296E-05 -0.170167E-04 -0.150458E-04  0.250083E-05 -0.212548E-05
 -0.366653E-05 -0.294122E-05  0.784733E-05 -0.177393E-04 -0.115412E-04
 -0.537061E-05  0.956610E-05  0.626759E-05  0.268925E-05 -0.447032E-05
  0.624202E-05  0.454451E-05 -0.516039E-05 -0.154760E-05 -0.900859E-06
 -0.508053E-05 -0.138035E-04 -0.433369E-04 -0.614601E-05 -0.220076E-04
 -0.435358E-04 -0.303893E-04 -0.895634E-07 -0.417048E-05 -0.616628E-05
 -0.646206E-04 -0.356343E-05 -0.151529E-04 -0.141523E-04 -0.108800E-04
 -0.339622E-04 -0.207266E-04 -0.731137E-04 -0.340678E-04 -0.301311E-04
 -0.345044E-04 -0.345690E-04 -0.531599E-04 -0.699497E-04 -0.384610E-04
 -0.374994E-04 -0.604031E-04  0.574084E-06 -0.737726E-04 -0.543530E-04
 -0.490616E-04 -0.747157E-04 -0.473968E-05 -0.988158E-04 -0.653013E-04
 -0.540278E-04 -0.788311E-04 -0.311696E-04 -0.113582E-03 -0.922560E-04
 -0.203938E-04 -0.124240E-03  0.170261E-04 -0.827269E-04 -0.906833E-04
 -0.696903E-04 -0.141650E-03 -0.405551E-05 -0.706056E-04 -0.110977E-03
 -0.101005E-03 -0.748603E-04 -0.201500E-04 -0.163113E-03 -0.127919E-03
 -0.442891E-04 -0.103036E-03 -0.145491E-03 -0.880831E-04 -0.176232E-03
 -0.132251E-03 -0.703331E-04 -0.170738E-03 -0.620222E-04 -0.122865E-03
 -0.704115E-04 -0.160539E-04 -0.106604E-03 -0.673551E-04 -0.359996E-04
 -0.100695E-03 -0.142185E-04 -0.952082E-04 -0.454047E-04  0.110352E-04
  0.131245E-04  0.452390E-05 -0.285883E-04 -0.476538E-04 -0.305282E-04
 -0.202918E-04 -0.446537E-04 -0.119159E-04 -0.683498E-04 -0.707878E-04
 -0.698701E-04 -0.642807E-04 -0.619326E-04 -0.548158E-04 -0.464507E-04
 -0.383686E-04 -0.284960E-04 -0.270387E-04 -0.159908E-04 -0.148092E-04
 -0.889809E-05 -0.382935E-05  0.158409E-05  0.463203E-05  0.939110E-05
  0.155225E-04 -0.153400E-04 -0.195231E-05  0.126997E-04  0.645085E-06
  0.120612E-04  0.579247E-05  0.480729E-05  0.295937E-05 -0.582988E-05
 -0.754190E-05 -0.117893E-04 -0.122316E-04 -0.259829E-04  0.479290E-05
 -0.222335E-05  0.345577E-04 -0.115388E-04  0.283476E-04 -0.374893E-04
  0.104735E-04 -0.585043E-04  0.509691E-04 -0.309617E-04 -0.404169E-04
 -0.907176E-04 -0.595189E-04 -0.419597E-04 -0.374849E-04 -0.514355E-04
 -0.757479E-02 -0.965976E-02 -0.882229E-02 -0.867653E-02 -0.371193E-02
 -0.721707E-02 -0.336182E-02 -0.539559E-02 -0.296929E-02 -0.587751E-02
 -0.192108E-02 -0.118401E-02 -0.151517E-02 -0.256806E-03 -0.387063E-02
  0.168027E-03  0.510300E-02 -0.151193E-02  0.166758E-02  0.130560E-01
 -0.269128E-02  0.671340E-02  0.195173E-04  0.194616E-01  0.318277E-02
  0.226461E-02  0.985927E-02  0.463581E-02  0.556124E-02  0.145627E-01
  0.911722E-02  0.725693E-02  0.891728E-02  0.244876E-02  0.123562E-01
  0.129446E-01  0.757150E-02  0.203475E-01  0.612457E-02  0.170696E-01
  0.230654E-01  0.127974E-01  0.221485E-01  0.165887E-01  0.141729E-01
  0.141615E-01  0.311503E-01  0.114618E-01  0.126815E-01  0.242142E-01
  0.143836E-01  0.222403E-01  0.145533E-01  0.163627E-01  0.105297E-01
  0.185203E-01  0.844914E-02  0.229204E-01  0.231474E-01  0.156577E-01
  0.287275E-01  0.106160E-01  0.219713E-01  0.213482E-01  0.169259E-01
  0.196166E-01  0.103212E-01  0.225137E-01  0.232449E-01  0.248637E-01
  0.207876E-01  0.259834E-01  0.210854E-01  0.185169E-01  0.279323E-01
  0.283681E-01  0.157939E-01  0.290569E-01  0.204219E-01  0.225778E-01
  0.293104E-01  0.314515E-01  0.199987E-01  0.376857E-01  0.242148E-01
  0.348096E-01  0.356704E-01  0.242401E-01  0.198951E-01  0.368351E-01
  0.363211E-01  0.455270E-01  0.275639E-01  0.413621E-01  0.279791E-01
  0.291292E-01  0.387860E-01  0.277525E-01  0.282597E-01  0.368449E-01
  0.257378E-01  0.354811E-01  0.263858E-01  0.336504E-01  0.259738E-01
  0.281674E-01  0.259372E-01  0.277921E-01  0.208546E-01  0.326928E-01
  0.233574E-01  0.213898E-01  0.235422E-01  0.196769E-01  0.260143E-01
  0.213791E-01  0.142559E-01  0.195684E-01  0.196763E-01  0.153896E-01
  0.189796E-01  0.170025E-01  0.186607E-01  0.159306E-01  0.176166E-01
  0.136103E-01  0.179920E-01  0.110189E-01  0.173651E-01  0.213890E-01
  0.132172E-01  0.153795E-01  0.122693E-01  0.145617E-01  0.104277E-01
  0.122428E-01  0.107757E-01  0.838954E-02  0.100411E-01  0.733440E-02
  0.102477E-01  0.560310E-02  0.441035E-02  0.511330E-02  0.630440E-02
  0.253778E-02  0.942928E-03  0.276246E-02  0.511238E-02 -0.338586E-03
  0.252070E-02  0.614915E-02  0.115758E-02 -0.186419E-02 -0.252295E-03
 -0.222910E-02 -0.496190E-02 -0.553673E-02  0.809497E-02  0.138473E-02
 -0.170253E-02 -0.693432E-02 -0.436863E-02 -0.591528E-02 -0.357545E-02
 -0.461225E-02 -0.424574E-02 -0.161973E-02 -0.463554E-03 -0.353300E-02
 -0.172817E-02  0.473668E-03  0.942845E-02 -0.125483E-02  0.352788E-02
  0.724223E-02  0.528492E-02 -0.208537E-02  0.577205E-02  0.182943E-02
  0.128097E-01  0.702390E-02  0.279091E-02  0.181916E-02  0.420658E-02
  0.968890E-02  0.193763E-02  0.175901E-01  0.441937E-02  0.114382E-01
  0.482683E-02  0.470943E-02  0.985355E-02  0.164872E-01  0.668705E-02
  0.106681E-01  0.102952E-01  0.954671E-02  0.131217E-01  0.936132E-02
  0.162990E-01  0.147911E-01  0.126111E-01  0.237095E-01  0.163272E-01
  0.294179E-01  0.167581E-01  0.171947E-01  0.245131E-01  0.224070E-01
  0.130204E-01  0.293508E-01  0.203527E-01  0.222417E-01  0.267344E-01
  0.227337E-01  0.336153E-01  0.209349E-01  0.273060E-01  0.311551E-01
  0.298818E-01  0.314796E-01  0.277901E-01  0.385867E-01  0.308558E-01
  0.286873E-01  0.343436E-01  0.362736E-01  0.360002E-01  0.402950E-01
  0.425387E-01  0.372270E-01  0.449578E-01  0.359462E-01  0.444833E-01
  0.389784E-01  0.379967E-01  0.372905E-01  0.329592E-01  0.305516E-01
  0.328143E-01  0.235994E-01  0.279339E-01  0.255629E-01  0.297245E-01
  0.161949E-01  0.275711E-01  0.158299E-01  0.270046E-01  0.240969E-01
  0.188575E-01  0.228057E-01  0.158817E-01  0.188150E-01  0.152309E-01
  0.160474E-01  0.124281E-01  0.127483E-01  0.109072E-01  0.709913E-02
  0.564006E-02  0.474444E-02  0.278340E-02  0.482974E-03  0.449047E-03
 -0.130513E-02 -0.221428E-02 -0.254158E-02 -0.154342E-02 -0.124679E-02
  0.157349E-02  0.337403E-02 -0.308818E-02 -0.324691E-02 -0.965569E-03
 -0.460518E-02 -0.560361E-02 -0.428346E-02 -0.271790E-02 -0.283579E-02
 -0.234485E-02 -0.860116E-04  0.686348E-03  0.268770E-02  0.297054E-02
  0.344357E-02  0.649281E-02  0.459157E-02  0.741541E-02  0.106108E-01
  0.100453E-01  0.176026E-01  0.127804E-01  0.123533E-01  0.176048E-01
  0.173078E-01  0.129814E-01  0.866000E-02  0.100088E-01  0.104579E-01
  0.153515E-04  0.197110E-04  0.203640E-04  0.131349E-04  0.309119E-06
  0.135906E-04 -0.241716E-05  0.648623E-05  0.330106E-05  0.103766E-04
 -0.817980E-05  0.669766E-05 -0.430312E-05 -0.699752E-05  0.824364E-05
 -0.739410E-05 -0.195301E-04  0.669804E-06 -0.131377E-04 -0.658815E-04
 -0.996754E-05 -0.253485E-04 -0.141627E-04 -0.883874E-04 -0.141388E-04
 -0.278904E-04 -0.300227E-04 -0.313081E-04 -0.318516E-04 -0.679026E-04
 -0.488568E-04 -0.217806E-04 -0.423257E-04 -0.107673E-04 -0.595022E-04
 -0.578333E-04 -0.244557E-04 -0.937590E-04 -0.903881E-05 -0.728608E-04
 -0.927311E-04 -0.450401E-04 -0.636026E-04 -0.113369E-04 -0.401946E-05
 -0.570077E-04 -0.103583E-03 -0.316341E-04  0.911896E-05 -0.627441E-04
 -0.343033E-04 -0.757126E-04 -0.433521E-04  0.284801E-04 -0.358586E-04
 -0.326458E-04 -0.253101E-04 -0.818790E-04 -0.905897E-04 -0.674946E-04
 -0.108378E-03 -0.309813E-04 -0.758404E-04 -0.760861E-04 -0.431004E-04
 -0.771397E-04 -0.335282E-04 -0.398559E-04 -0.985579E-04 -0.961585E-04
 -0.677251E-04 -0.765460E-04 -0.696165E-04 -0.230481E-04 -0.100659E-03
 -0.908767E-04  0.225463E-04 -0.128689E-03 -0.780701E-04 -0.729716E-04
 -0.689442E-04 -0.115309E-03 -0.372432E-04 -0.135186E-03 -0.528354E-04
 -0.112094E-03 -0.135100E-03 -0.861660E-04 -0.417696E-04 -0.139861E-03
 -0.125879E-03 -0.149062E-03 -0.743500E-04 -0.875383E-04 -0.866101E-04
 -0.719070E-04 -0.128301E-03 -0.101366E-03 -0.906440E-04 -0.963433E-04
 -0.684568E-04 -0.133892E-03 -0.103127E-03 -0.984204E-04 -0.751954E-04
 -0.861825E-04 -0.107269E-03 -0.950959E-04 -0.622216E-04 -0.134508E-03
 -0.888943E-04 -0.612703E-04 -0.982118E-04 -0.862484E-04 -0.932712E-04
 -0.734664E-04 -0.488512E-04 -0.712056E-04 -0.626700E-04 -0.486322E-04
 -0.128161E-04 -0.567071E-04 -0.348601E-04 -0.691342E-05 -0.192358E-04
 -0.120450E-04 -0.505353E-04 -0.178919E-04 -0.340849E-04 -0.304614E-04
 -0.246008E-04 -0.466424E-04 -0.132054E-04 -0.506650E-04 -0.226853E-04
 -0.216704E-04 -0.452188E-04 -0.237336E-04 -0.394515E-04 -0.372429E-04
 -0.260768E-04 -0.275202E-04 -0.105578E-04 -0.265565E-04 -0.153838E-04
 -0.153399E-04  0.210543E-04 -0.168938E-04 -0.135672E-04 -0.202528E-05
 -0.272451E-05 -0.179847E-04 -0.130865E-04  0.423384E-05 -0.256219E-05
 -0.104696E-05  0.592524E-05  0.150445E-04 -0.166375E-04 -0.309219E-05
  0.356206E-05  0.226067E-04  0.172070E-04  0.121561E-04  0.338552E-05
  0.991324E-05  0.915028E-05 -0.119948E-05 -0.274658E-05  0.452505E-05
  0.178190E-06 -0.774793E-05 -0.332748E-04 -0.290600E-05 -0.212454E-04
 -0.362897E-04 -0.222739E-04  0.748151E-05 -0.128949E-04 -0.808306E-05
 -0.457009E-04 -0.784583E-05 -0.103904E-04 -0.354053E-05 -0.912749E-05
 -0.129985E-04 -0.798250E-05 -0.469259E-04 -0.189883E-04 -0.154340E-04
 -0.211438E-04 -0.201714E-04 -0.430308E-04 -0.413440E-04 -0.241604E-04
 -0.143174E-04 -0.496706E-04  0.399688E-04 -0.418573E-04 -0.408613E-04
 -0.489294E-04 -0.661200E-04 -0.126414E-04 -0.887230E-04 -0.592130E-04
 -0.848560E-04 -0.700656E-04 -0.358110E-04 -0.100563E-03 -0.723479E-04
 -0.187082E-04 -0.123075E-03 -0.213916E-04 -0.765140E-04 -0.103031E-03
 -0.744252E-04 -0.141274E-03 -0.273509E-04 -0.854015E-04 -0.117433E-03
 -0.112954E-03 -0.115218E-03 -0.571522E-04 -0.159098E-03 -0.117208E-03
 -0.831313E-04 -0.113730E-03 -0.142042E-03 -0.112978E-03 -0.168369E-03
 -0.155678E-03 -0.116019E-03 -0.164487E-03 -0.891381E-04 -0.128509E-03
 -0.901145E-04 -0.726751E-04 -0.109195E-03 -0.743398E-04 -0.513557E-04
 -0.847181E-04 -0.593786E-04 -0.851124E-04 -0.599037E-04 -0.373308E-04
 -0.244196E-04 -0.524232E-04 -0.404110E-04 -0.839448E-04 -0.696673E-04
 -0.486685E-04 -0.609160E-04 -0.266332E-04 -0.609746E-04 -0.518304E-04
 -0.559594E-04 -0.539195E-04 -0.568693E-04 -0.457093E-04 -0.375485E-04
 -0.348921E-04 -0.226409E-04 -0.229489E-04 -0.105473E-04 -0.142791E-04
 -0.540050E-05  0.177769E-05  0.242624E-05  0.439784E-05  0.821984E-05
  0.698497E-05 -0.200145E-04 -0.236478E-06  0.843886E-05  0.281617E-06
  0.999637E-05  0.118038E-04  0.105625E-04  0.368824E-05 -0.787896E-06
 -0.231440E-05 -0.794311E-05 -0.875899E-05 -0.199530E-04 -0.218506E-05
 -0.105344E-04  0.378119E-05 -0.794213E-05  0.153766E-05 -0.120263E-04
 -0.624713E-05 -0.276504E-04 -0.103260E-05 -0.390342E-04 -0.318683E-04
 -0.687060E-04 -0.509279E-04 -0.368499E-04 -0.361839E-04 -0.419615E-04
  0.000000E+00  0.100000E+02  0.200000E+02  0.300000E+02  0.400000E+02
  0.500000E+02  0.600000E+02  0.700000E+02  0.800000E+02  0.900000E+02
  0.100000E+03  0.110000E+03  0.120000E+03  0.130000E+03  0.140000E+03
  0.150000E+03  0.160000E+03  0.170000E+03  0.180000E+03  0.190000E+03
  0.200000E+03  0.210000E+03  0.220000E+03  0.230000E+03  0.240000E+03
  0.250000E+03  0.260000E+03  0.270000E+03  0.280000E+03  0.290000E+03
  0.300000E+03  0.310000E+03  0.320000E+03  0.330000E+03  0.340000E+03
  0.350000E+03  0.360000E+03  0.370000E+03  0.380000E+03  0.390000E+03
  0.400000E+03  0.410000E+03  0.420000E+03  0.430000E+03  0.440000E+03
  0.450000E+03  0.460000E+03  0.470000E+03  0.480000E+03  0.490000E+03
  0.500000E+03  0.510000E+03  0.520000E+03  0.530000E+03  0.540000E+03
  0.550000E+03  0.560000E+03  0.570000E+03  0.580000E+03  0.590000E+03
  0.600000E+03  0.610000E+03  0.620000E+03  0.630000E+03  0.640000E+03
  0.650000E+03  0.660000E+03  0.670000E+03  0.680000E+03  0.690000E+03
  0.700000E+03  0.710000E+03  0.720000E+03  0.730000E+03  0.740000E+03
  0.750000E+03  0.760000E+03  0.770000E+03  0.780000E+03  0.790000E+03
  0.800000E+03  0.810000E+03  0.820000E+03  0.830000E+03  0.840000E+03
  0.850000E+03  0.860000E+03  0.870000E+03  0.880000E+03  0.890000E+03
  0.900000E+03  0.910000E+03  0.920000E+03  0.930000E+03  0.940000E+03
  0.950000E+03  0.960000E+03  0.970000E+03  0.980000E+03  0.990000E+03
  0.100000E+04  0.101000E+04  0.102000E+04  0.103000E+04  0.104000E+04
  0.105000E+04  0.106000E+04  0.107000E+04  0.108000E+04  0.109000E+04
  0.110000E+04  0.111000E+04  0.112000E+04  0.113000E+04  0.114000E+04
  0.115000E+04  0.116000E+04  0.117000E+04  0.118000E+04  0.119000E+04
  0.120000E+04  0.121000E+04  0.122000E+04  0.123000E+04  0.124000E+04
  0.125000E+04  0.126000E+04  0.127000E+04  0.128000E+04  0.129000E+04
  0.130000E+04  0.131000E+04  0.132000E+04  0.133000E+04  0.134000E+04
  0.135000E+04  0.136000E+04  0.137000E+04  0.138000E+04  0.139000E+04
  0.140000E+04  0.141000E+04  0.142000E+04  0.143000E+04  0.144000E+04
  0.145000E+04  0.146000E+04  0.147000E+04  0.148000E+04  0.149000E+04
  0.150000E+04  0.151000E+04  0.152000E+04  0.153000E+04  0.154000E+04
  0.155000E+04  0.156000E+04  0.157000E+04  0.158000E+04  0.159000E+04
  0.160000E+04  0.161000E+04  0.162000E+04  0.163000E+04  0.164000E+04
  0.165000E+04  0.166000E+04  0.167000E+04  0.168000E+04  0.169000E+04
  0.170000E+04  0.171000E+04  0.172000E+04  0.173000E+04  0.174000E+04
  0.175000E+04  0.176000E+04  0.177000E+04  0.178000E+04  0.179000E+04
  0.180000E+04  0.181000E+04  0.182000E+04  0.183000E+04  0.184000E+04
  0.185000E+04  0.186000E+04  0.187000E+04  0.188000E+04  0.189000E+04
  0.190000E+04  0.191000E+04  0.192000E+04  0.193000E+04  0.194000E+04
  0.195000E+04  0.196000E+04  0.197000E+04  0.198000E+04  0.199000E+04
  0.200000E+04  0.201000E+04  0.202000E+04  0.203000E+04  0.204000E+04
  0.205000E+04  0.206000E+04  0.207000E+04  0.208000E+04  0.209000E+04
  0.210000E+04  0.211000E+04  0.212000E+04  0.213000E+04  0.214000E+04
  0.215000E+04  0.216000E+04  0.217000E+04  0.218000E+04  0.219000E+04
  0.220000E+04  0.221000E+04  0.222000E+04  0.223000E+04  0.224000E+04
  0.225000E+04  0.226000E+04  0.227000E+04  0.228000E+04  0.229000E+04
  0.230000E+04  0.231000E+04  0.232000E+04  0.233000E+04  0.234000E+04
  0.235000E+04  0.236000E+04  0.237000E+04  0.238000E+04  0.239000E+04
  0.240000E+04  0.241000E+04  0.242000E+04  0.243000E+04  0.244000E+04
  0.245000E+04  0.246000E+04  0.247000E+04  0.248000E+04  0.249000E+04
  0.250000E+04  0.251000E+04  0.252000E+04  0.253000E+04  0.254000E+04
  0.255000E+04  0.256000E+04  0.257000E+04  0.258000E+04  0.259000E+04
  0.260000E+04  0.261000E+04  0.262000E+04  0.263000E+04  0.264000E+04
  0.265000E+04  0.266000E+04  0.267000E+04  0.268000E+04  0.269000E+04
  0.270000E+04  0.271000E+04  0.272000E+04  0.273000E+04  0.274000E+04
  0.275000E+04  0.276000E+04  0.277000E+04  0.278000E+04  0.279000E+04
  0.280000E+04  0.281000E+04  0.282000E+04  0.283000E+04  0.284000E+04
  0.285000E+04  0.286000E+04  0.287000E+04  0.288000E+04  0.289000E+04
  0.290000E+04  0.291000E+04  0.292000E+04  0.293000E+04  0.294000E+04
  0.295000E+04  0.296000E+04  0.297000E+04  0.298000E+04  0.299000E+04
  0.100000E+02  0.200000E+02  0.300000E+02  0.400000E+02  0.500000E+02
  0.600000E+02  0.700000E+02  0.800000E+02  0.900000E+02  0.100000E+03
  0.110000E+03  0.120000E+03  0.130000E+03  0.140000E+03  0.150000E+03
  0.160000E+03  0.170000E+03  0.180000E+03  0.190000E+03  0.200000E+03
  0.210000E+03  0.220000E+03  0.230000E+03  0.240000E+03  0.250000E+03
  0.260000E+03  0.270000E+03  0.280000E+03  0.290000E+03  0.300000E+03
  0.310000E+03  0.320000E+03  0.330000E+03  0.340000E+03  0.350000E+03
  0.360000E+03  0.370000E+03  0.380000E+03  0.390000E+03  0.400000E+03
  0.410000E+03  0.420000E+03  0.430000E+03  0.440000E+03  0.450000E+03
  0.460000E+03  0.470000E+03  0.480000E+03  0.490000E+03  0.500000E+03
  0.510000E+03  0.520000E+03  0.530000E+03  0.540000E+03  0.550000E+03
  0.560000E+03  0.570000E+03  0.580000E+03  0.590000E+03  0.600000E+03
  0.610000E+03  0.620000E+03  0.630000E+03  0.640000E+03  0.650000E+03
  0.660000E+03  0.670000E+03  0.680000E+03  0.690000E+03  0.700000E+03
  0.710000E+03  0.720000E+03  0.730000E+03  0.740000E+03  0.750000E+03
  0.760000E+03  0.770000E+03  0.780000E+03  0.790000E+03  0.800000E+03
  0.810000E+03  0.820000E+03  0.830000E+03  0.840000E+03  0.850000E+03
  0.860000E+03  0.870000E+03  0.880000E+03  0.890000E+03  0.900000E+03
  0.910000E+03  0.920000E+03  0.930000E+03  0.940000E+03  0.950000E+03
  0.960000E+03  0.970000E+03  0.980000E+03  0.990000E+03  0.100000E+04
  0.101000E+04  0.102000E+04  0.103000E+04  0.104000E+04  0.105000E+04
  0.106000E+04  0.107000E+04  0.108000E+04  0.109000E+04  0.110000E+04
  0.111000E+04  0.112000E+04  0.113000E+04  0.114000E+04  0.115000E+04
  0.116000E+04  0.117000E+04  0.118000E+04  0.119000E+04  0.120000E+04
  0.121000E+04  0.122000E+04  0.123000E+04  0.124000E+04  0.125000E+04
  0.126000E+04  0.127000E+04  0.128000E+04  0.129000E+04  0.130000E+04
  0.131000E+04  0.132000E+04  0.133000E+04  0.134000E+04  0.135000E+04
  0.136000E+04  0.137000E+04  0.138000E+04  0.139000E+04  0.140000E+04
  0.141000E+04  0.142000E+04  0.143000E+04  0.144000E+04  0.145000E+04
  0.146000E+04  0.147000E+04  0.148000E+04  0.149000E+04  0.150000E+04
  0.151000E+04  0.152000E+04  0.153000E+04  0.154000E+04  0.155000E+04
  0.156000E+04  0.157000E+04  0.158000E+04  0.159000E+04  0.160000E+04
  0.161000E+04  0.162000E+04  0.163000E+04  0.164000E+04  0.165000E+04
  0.166000E+04  0.167000E+04  0.168000E+04  0.169000E+04  0.170000E+04
  0.171000E+04  0.172000E+04  0.173000E+04  0.174000E+04  0.175000E+04
  0.176000E+04  0.177000E+04  0.178000E+04  0.179000E+04  0.180000E+04
  0.181000E+04  0.182000E+04  0.183000E+04  0.184000E+04  0.185000E+04
  0.186000E+04  0.187000E+04  0.188000E+04  0.189000E+04  0.190000E+04
  0.191000E+04  0.192000E+04  0.193000E+04  0.194000E+04  0.195000E+04
  0.196000E+04  0.197000E+04  0.198000E+04  0.199000E+04  0.200000E+04
  0.201000E+04  0.202000E+04  0.203000E+04  0.204000E+04  0.205000E+04
  0.206000E+04  0.207000E+04  0.208000E+04  0.209000E+04  0.210000E+04
  0.211000E+04  0.212000E+04  0.213000E+04  0.214000E+04  0.215000E+04
  0.216000E+04  0.217000E+04  0.218000E+04  0.219000E+04  0.220000E+04
  0.221000E+04  0.222000E+04  0.223000E+04  0.224000E+04  0.225000E+04
  0.226000E+04  0.227000E+04  0.228000E+04  0.229000E+04  0.230000E+04
  0.231000E+04  0.232000E+04  0.233000E+04  0.234000E+04  0.235000E+04
  0.236000E+04  0.237000E+04  0.238000E+04  0.239000E+04  0.240000E+04
  0.241000E+04  0.242000E+04  0.243000E+04  0.244000E+04  0.245000E+04
  0.246000E+04  0.247000E+04  0.248000E+04  0.249000E+04  0.250000E+04
  0.251000E+04  0.252000E+04  0.253000E+04  0.254000E+04  0.255000E+04
  0.256000E+04  0.257000E+04  0.258000E+04  0.259000E+04  0.260000E+04
  0.261000E+04  0.262000E+04  0.263000E+04  0.264000E+04  0.265000E+04
  0.266000E+04  0.267000E+04  0.268000E+04  0.269000E+04  0.270000E+04
  0.271000E+04  0.272000E+04  0.273000E+04  0.274000E+04  0.275000E+04
  0.276000E+04  0.277000E+04  0.278000E+04  0.279000E+04  0.280000E+04
  0.281000E+04  0.282000E+04  0.283000E+04  0.284000E+04  0.285000E+04
  0.286000E+04  0.287000E+04  0.288000E+04  0.289000E+04  0.290000E+04
  0.291000E+04  0.292000E+04  0.293000E+04  0.294000E+04  0.295000E+04
  0.296000E+04  0.297000E+04  0.298000E+04  0.299000E+04  0.300000E+04
