  0.354394E+00  0.269555E+03  0.166881E+03  0.201092E+04  0.963517E+03
  0.547366E+04  0.152773E+04  0.598783E+04  0.698574E+04  0.855786E+04
  0.961241E+04  0.232948E+04  0.126920E+05  0.104250E+05  0.503525E+04
  0.181015E+05  0.849130E+03  0.135587E+05  0.286836E+04  0.169580E+04
  0.208642E+05  0.126034E+04  0.109494E+05  0.335111E+03  0.488806E+04
  0.860045E+04  0.537333E+03  0.437769E+04  0.345836E+04  0.129538E+03
  0.463562E+04  0.251489E+03  0.256264E+04  0.485091E+03  0.889881E+03
  0.116598E+04  0.125244E+03  0.457264E+03  0.142197E+03  0.444551E+03
  0.301446E+02  0.392750E+03  0.436426E+02  0.347449E+02  0.612509E+02
  0.142506E+03  0.103643E+02  0.721701E+02  0.315040E+02  0.941759E+01
  0.540473E+02  0.350084E+02  0.300816E+02  0.379020E+01  0.125727E+02
  0.545869E+01  0.134891E+02  0.105607E+02  0.719923E+01  0.121236E+02
  0.307360E+01  0.462578E+01  0.409930E+01  0.580895E+01  0.110677E+01
  0.186160E+01  0.180721E+01  0.546318E+00  0.167948E+01  0.173352E+01
  0.157356E+01  0.252273E+00  0.182383E+00  0.253347E+00  0.701759E+00
  0.239191E+00  0.611434E-01  0.203635E+00  0.187312E+00  0.685200E+00
  0.113767E+00  0.394475E-01  0.486012E-01  0.178248E-01  0.513631E-01
  0.103979E+00  0.121698E-01  0.437094E-01  0.640568E-01  0.479957E-02
  0.380246E-01  0.367013E-02  0.371181E-01  0.357071E-03  0.297435E-01
  0.136624E-01  0.302217E-02  0.223927E-01  0.201329E-02  0.260976E-02
  0.719462E-02  0.341592E-01  0.210788E-01  0.708806E-02  0.784647E-02
  0.114762E-01  0.790055E-01  0.284198E-01  0.635574E-02  0.438209E-01
  0.104053E+00  0.683285E-01  0.949403E-01  0.359063E+00  0.757166E-01
  0.710032E-01  0.153018E+00  0.803582E+00  0.563016E+00  0.361645E+00
  0.290804E-01  0.114685E+01  0.895400E+00  0.107823E+00  0.120397E+01
  0.277030E+00  0.646725E+01  0.463433E+01  0.319042E+01  0.123940E+01
  0.211250E+01  0.261400E+02  0.630879E+01  0.368457E+02  0.328004E+02
  0.895182E+01  0.117313E+03  0.107221E+03  0.138428E+03  0.337719E+03
  0.709776E+02  0.485981E+03  0.166016E+03  0.446841E+03  0.116992E+03
  0.110228E+04  0.307645E+03  0.796296E+03  0.348330E+03  0.862856E+03
  0.167043E+04  0.531283E+03  0.143236E+04  0.140000E+04  0.152105E+04
  0.194705E+04  0.136007E+04  0.107961E+04  0.605178E+01  0.395019E+02
  0.928130E+02  0.971761E+03  0.537876E+03  0.106689E+04  0.921298E+03
  0.231353E+04  0.813054E+03  0.697685E+03  0.156771E+04  0.192459E+04
  0.983961E+03  0.124187E+04  0.473934E+02  0.145447E+04  0.311567E+03
  0.432813E+03  0.370270E+03  0.768859E+03  0.139024E+03  0.551631E+03
  0.659448E+02  0.803727E+02  0.179080E+03  0.193320E+03  0.391811E+03
  0.523601E+01  0.230966E+03  0.441754E+01  0.772355E+02  0.239448E+02
  0.345652E+02  0.111276E+03  0.386056E+02  0.144434E+01  0.668751E+02
  0.366042E+01  0.239287E+02  0.418770E+00  0.617665E+01  0.309691E+02
  0.121269E+01  0.129043E+02  0.131073E+01  0.227489E+00  0.487558E+01
  0.211992E-01  0.565036E+01  0.623221E+00  0.399047E+00  0.151792E+01
  0.244495E+00  0.483321E+00  0.149328E+00  0.678906E+00  0.170910E+00
  0.128846E+00  0.157380E+00  0.458940E-01  0.859729E-01  0.163579E-01
  0.816818E-01  0.405279E-01  0.127708E-01  0.196254E-01  0.231778E-01
  0.434507E-01  0.647047E-02  0.183352E-01  0.644490E-02  0.938023E-02
  0.432954E-02  0.314562E-02  0.248898E-02  0.178110E-02  0.651070E-03
  0.171195E-02  0.394044E-03  0.180570E-02  0.207730E-03  0.545757E-03
  0.253592E-03  0.386109E-03  0.585599E-03  0.282013E-03  0.109852E-03
  0.184972E-03  0.312023E-03  0.311164E-03  0.445481E-03  0.373430E-03
  0.632202E-03  0.115428E-02  0.702520E-03  0.273046E-02  0.447447E-02
  0.237212E-02  0.101041E-01  0.136006E-01  0.151607E-01  0.270425E-01
  0.564661E-01  0.234792E-01  0.874403E-01  0.897867E-01  0.756230E-01
  0.963001E-01  0.943138E-01  0.102944E+00  0.634256E-01  0.668412E-01
  0.393062E-01  0.108483E+00  0.295379E+00  0.543610E-01  0.129475E-01
  0.993220E-01  0.108518E+00  0.107606E+00  0.130496E+00  0.886396E-01
  0.119493E+00  0.114362E+00  0.832456E-01  0.626117E-01  0.480538E-01
  0.331666E-01  0.288064E-01  0.446965E-01  0.131402E-01  0.777687E-01
  0.473002E-01  0.321045E-01  0.943171E-02  0.534910E+00  0.589705E-01
  0.329984E+00  0.626316E+00  0.155088E+01  0.167696E+01  0.152825E+01
  0.878957E-01  0.957421E-01  0.721706E-01  0.255607E+00  0.196279E+00
  0.276582E+00  0.282494E+00  0.340672E+00  0.194975E+00  0.231576E+00
  0.273331E+00  0.123420E+00  0.206626E+00  0.221099E+00  0.133259E+00
  0.184229E+00  0.175174E+00  0.176667E+00  0.109512E+00  0.111893E+00
  0.145289E+00  0.203190E+00  0.151547E+00  0.911103E-01  0.151444E+00
  0.850764E-01  0.756520E-01  0.100377E+00  0.171557E+00  0.125429E+00
  0.105915E+00  0.816331E-01  0.149472E+00  0.857054E-01  0.107092E+00
  0.185458E+00  0.753818E-01  0.108639E+00  0.123934E+00  0.178712E+00
  0.833855E-01  0.119886E+00  0.133082E+00  0.935851E-01  0.156848E+00
  0.166457E+00  0.162215E+00  0.114845E+00  0.724304E-01  0.740525E-01
  0.734090E-01  0.141319E+00  0.359408E-01  0.833614E-01  0.128919E+00
  0.996329E-01  0.103723E+00  0.316014E-01  0.102897E+00  0.889513E-01
  0.441878E-01  0.784052E-01  0.567689E-01  0.864671E-01  0.699857E-01
  0.736074E-01  0.608364E-01  0.112616E+00  0.383105E-01  0.122901E+00
  0.102381E+00  0.930162E-01  0.696436E-01  0.456094E-01  0.867248E-01
  0.647478E-01  0.659868E-01  0.937146E-01  0.445229E-01  0.946124E-01
  0.101026E+00  0.798647E-01  0.100455E+00  0.542375E-01  0.802008E-01
  0.106077E+00  0.507091E-01  0.555170E-01  0.815866E-01  0.124358E+00
  0.403550E-01  0.108229E+00  0.735594E-01  0.179262E+00  0.634358E-01
  0.110101E+00  0.117627E+00  0.177365E+00  0.943952E-01  0.112298E+00
  0.151460E+00  0.124018E+00  0.108998E+00  0.192547E+00  0.565353E-01
  0.139260E+00  0.789632E-01  0.909952E-01  0.132563E+00  0.738046E-01
  0.930584E-01  0.996500E-01  0.107554E+00  0.129750E+00  0.100314E+00
  0.170431E+00  0.217632E+00  0.904028E-01  0.902378E-01  0.147743E+00
  0.374292E+00  0.185647E+00  0.245272E+00  0.329443E+00  0.133894E+00
  0.569070E+00  0.303969E+00  0.101321E+00  0.457348E+00  0.455111E+00
  0.294776E+00  0.387918E+00  0.392153E+00  0.276787E+00  0.207107E+00
  0.254630E+00  0.227533E+00  0.195926E+00  0.122482E+00  0.184826E+00
  0.100605E+00  0.185862E+00  0.177918E+00  0.170680E+00  0.927662E-01
  0.261475E+00  0.853872E-01  0.175714E+00  0.241239E+00  0.176922E+00
  0.330340E+00  0.403782E+00  0.369824E+00  0.290961E+00  0.269576E+00
  0.305986E+00  0.175745E+00  0.785669E-01  0.187708E+00  0.242568E+00
  0.334952E+00  0.634962E-01  0.173254E+00  0.163281E+00  0.203276E+00
  0.201020E+00  0.196696E+00  0.241774E+00  0.188741E+00  0.210605E+00
  0.277764E+00  0.212305E+00  0.209719E+00  0.222984E+00  0.323552E+00
  0.120375E+00  0.117345E+00  0.137583E+00  0.191084E+00  0.188032E+00
  0.126463E+00  0.101782E+00  0.142022E+00  0.107599E+00  0.131142E+00
  0.245838E+00  0.143502E+00  0.105647E+00  0.774897E-01  0.824693E-01
  0.142134E+00  0.566832E-01  0.822143E-01  0.191901E+00  0.141891E+00
  0.148184E+00  0.859696E-01  0.897911E-01  0.822506E-01  0.127093E+00
  0.141147E+00  0.113839E+00  0.173493E+00  0.213836E+00  0.106511E+00
  0.498245E+00  0.106795E+00  0.141752E+00  0.150473E+00  0.141226E+00
  0.182255E+00  0.175965E+00  0.278710E+00  0.190586E+00  0.225167E+00
  0.145882E+00  0.140759E+00  0.137273E+00  0.253736E+00  0.206913E+00
  0.207824E+00  0.424433E+00  0.381412E+00  0.326857E+00  0.255974E+00
  0.483546E+00  0.115035E+00  0.522520E+00  0.263662E+00  0.311386E+00
  0.290794E+00  0.211242E+00  0.253154E+00  0.401896E+00  0.167121E+00
  0.268831E+00  0.303619E+00  0.180287E+00  0.260470E+00  0.158973E+00
  0.222707E+00  0.158276E+00  0.343035E+00  0.297344E+00  0.174711E+00
  0.312493E+00  0.390580E+00  0.453780E+00  0.566222E+00  0.336191E+00
  0.484339E+00  0.642801E+00  0.320132E+00  0.617288E+00  0.333652E+00
  0.482088E+00  0.335332E+00  0.374531E+00  0.352994E+00  0.303062E+00
  0.480676E+00  0.238952E+00  0.469903E+00  0.277254E+00  0.373482E+00
  0.351816E+00  0.265830E+00  0.374832E+00  0.405552E+00  0.394954E+00
  0.611103E+00  0.141065E+01  0.863658E+00  0.590211E+00  0.750988E+00
  0.634638E+00  0.335579E+00  0.297125E+00  0.570239E+00  0.634299E+00
  0.512599E+00  0.766081E+00  0.101557E+01  0.717782E+00  0.102193E+01
  0.101050E+01  0.885779E+00  0.743216E+00  0.129335E+01  0.370211E+00
  0.630467E+00  0.424349E+00  0.109500E+01  0.352879E+00  0.390638E+00
  0.273398E+00  0.263646E+00  0.164328E+00  0.270680E+00  0.185752E+00
 -0.673791E-02 -0.915242E-02 -0.802336E-02 -0.658041E-02 -0.238154E-02
 -0.714233E-02 -0.196779E-02 -0.442368E-02 -0.435346E-02 -0.597881E-02
 -0.191135E-02 -0.352965E-02 -0.197986E-02 -0.128969E-02 -0.381693E-02
 -0.137956E-02  0.549325E-02 -0.150653E-02  0.268788E-02  0.138495E-01
 -0.714528E-03  0.112319E-01  0.113418E-02  0.215116E-01  0.388898E-02
  0.398385E-02  0.931768E-02  0.655185E-02  0.735642E-02  0.190346E-01
  0.104483E-01  0.917671E-02  0.108668E-01  0.305797E-02  0.163975E-01
  0.147718E-01  0.485502E-02  0.223258E-01  0.567357E-02  0.197808E-01
  0.245634E-01  0.116045E-01  0.269989E-01  0.176298E-01  0.128961E-01
  0.134788E-01  0.391238E-01  0.117165E-01  0.691808E-02  0.202443E-01
  0.137798E-01  0.215153E-01  0.154358E-01  0.850256E-02  0.111306E-01
  0.185757E-01  0.992891E-02  0.210842E-01  0.237994E-01  0.162674E-01
  0.300800E-01  0.105469E-01  0.202369E-01  0.237266E-01  0.181170E-01
  0.201607E-01  0.932630E-02  0.218683E-01  0.254282E-01  0.262093E-01
  0.204248E-01  0.287905E-01  0.203933E-01  0.131480E-01  0.289088E-01
  0.278416E-01  0.981990E-02  0.303884E-01  0.205280E-01  0.212273E-01
  0.283363E-01  0.333894E-01  0.172474E-01  0.347420E-01  0.234551E-01
  0.304069E-01  0.387674E-01  0.222683E-01  0.171029E-01  0.392558E-01
  0.322904E-01  0.475983E-01  0.243001E-01  0.406028E-01  0.263368E-01
  0.262146E-01  0.407554E-01  0.280056E-01  0.292878E-01  0.359194E-01
  0.244843E-01  0.349942E-01  0.254379E-01  0.340134E-01  0.262481E-01
  0.282100E-01  0.285202E-01  0.295181E-01  0.210135E-01  0.363059E-01
  0.269213E-01  0.179272E-01  0.240547E-01  0.225982E-01  0.265354E-01
  0.256169E-01  0.139711E-01  0.190097E-01  0.208493E-01  0.173822E-01
  0.155986E-01  0.190849E-01  0.170891E-01  0.204949E-01  0.137236E-01
  0.163386E-01  0.173767E-01  0.992271E-02  0.246727E-01  0.298153E-01
  0.195828E-01  0.181777E-01  0.141307E-01  0.211370E-01  0.139938E-01
  0.177067E-01  0.149364E-01  0.100010E-01  0.121674E-01  0.846801E-02
  0.100783E-01  0.682961E-02  0.471235E-02  0.570263E-02  0.716064E-02
  0.309055E-02 -0.837157E-03  0.367720E-02  0.388354E-02  0.919044E-03
 -0.115452E-03  0.511605E-02  0.242592E-02 -0.178891E-02 -0.350795E-03
 -0.346930E-03 -0.216091E-02 -0.492402E-02  0.627284E-02  0.100921E-02
 -0.419169E-03 -0.547324E-02 -0.423878E-02 -0.351811E-02 -0.167553E-02
 -0.362631E-02 -0.338303E-02 -0.798830E-03 -0.111673E-02 -0.218370E-02
 -0.691784E-03  0.133457E-02  0.101611E-01  0.326931E-03  0.433973E-02
  0.803308E-02  0.659865E-02 -0.209223E-02  0.722910E-02  0.113138E-02
  0.159261E-01  0.512495E-02  0.404046E-02  0.208903E-02  0.209439E-02
  0.128685E-01  0.330185E-02  0.217520E-01  0.587638E-02  0.683645E-02
  0.727517E-02  0.570209E-02  0.107842E-01  0.183669E-01  0.782702E-02
  0.117464E-01  0.120218E-01  0.192943E-02  0.160125E-01  0.116914E-01
  0.148494E-01  0.160223E-01  0.124453E-01  0.246370E-01  0.167740E-01
  0.271987E-01  0.185452E-01  0.143296E-01  0.271237E-01  0.223650E-01
  0.115595E-01  0.289791E-01  0.116042E-01  0.245072E-01  0.232256E-01
  0.181253E-01  0.336265E-01  0.130531E-01  0.281505E-01  0.304386E-01
  0.297336E-01  0.311474E-01  0.287869E-01  0.404018E-01  0.334050E-01
  0.287370E-01  0.277260E-01  0.398583E-01  0.356955E-01  0.435081E-01
  0.433274E-01  0.361440E-01  0.476286E-01  0.341516E-01  0.485352E-01
  0.254651E-01  0.278229E-01  0.228381E-01  0.368877E-01  0.228545E-01
  0.347869E-01  0.269481E-01  0.305567E-01  0.309250E-01  0.314261E-01
  0.171856E-01  0.269112E-01  0.161252E-01  0.289687E-01  0.237161E-01
  0.198919E-01  0.232501E-01  0.175703E-01  0.208227E-01  0.182685E-01
  0.186992E-01  0.143826E-01  0.135383E-01  0.118834E-01  0.891046E-02
  0.698208E-02  0.463950E-02  0.407928E-02  0.114502E-02  0.114943E-02
 -0.603313E-03 -0.184802E-02 -0.280322E-02 -0.289760E-02 -0.339870E-02
 -0.172756E-02  0.462465E-02 -0.168057E-02 -0.323023E-02 -0.846133E-03
 -0.435862E-02 -0.436787E-02 -0.376808E-02 -0.161454E-02 -0.104251E-02
 -0.599903E-03  0.227690E-02  0.255961E-02  0.550536E-02  0.487263E-02
  0.398893E-02  0.956942E-02  0.601803E-02  0.591107E-02  0.145107E-01
  0.124998E-01  0.252577E-01  0.152862E-01  0.124935E-01  0.183538E-01
  0.211773E-01  0.138731E-01  0.965205E-02  0.992875E-02  0.115368E-01
  0.676834E-05  0.168175E-04  0.124231E-04  0.725307E-05 -0.580047E-05
  0.141158E-04 -0.653877E-05  0.249075E-05  0.270225E-05  0.113917E-04
 -0.766172E-05  0.127655E-04 -0.701150E-05 -0.795945E-06  0.498909E-06
 -0.192229E-05 -0.305151E-04 -0.244741E-05 -0.203093E-04 -0.736015E-04
 -0.158662E-04 -0.381826E-04 -0.197166E-04 -0.984160E-04 -0.222455E-04
 -0.346880E-04 -0.395593E-04 -0.426165E-04 -0.410312E-04 -0.848479E-04
 -0.597304E-04 -0.318474E-04 -0.450295E-04 -0.284497E-04 -0.772035E-04
 -0.545821E-04 -0.242272E-04 -0.105653E-03 -0.854473E-05 -0.672510E-04
 -0.109627E-03 -0.330446E-04 -0.682675E-04  0.479154E-04  0.411211E-04
 -0.554504E-04 -0.145967E-03 -0.425913E-04  0.413272E-05 -0.531586E-04
 -0.429814E-04 -0.847248E-04 -0.733456E-04  0.403362E-05 -0.389712E-04
 -0.531450E-04 -0.453450E-04 -0.913026E-04 -0.925395E-04 -0.730344E-04
 -0.134655E-03 -0.504891E-04 -0.745143E-04 -0.863594E-04 -0.604783E-04
 -0.761049E-04 -0.461743E-04 -0.964629E-05 -0.103550E-03 -0.100272E-03
 -0.502846E-04 -0.911253E-04 -0.801505E-04 -0.405105E-04 -0.907916E-04
 -0.843040E-04  0.321639E-04 -0.132137E-03 -0.952613E-04 -0.623572E-04
 -0.351804E-04 -0.121924E-03 -0.182158E-04 -0.133038E-03 -0.695213E-04
 -0.808546E-04 -0.164153E-03 -0.943946E-04 -0.307648E-04 -0.142058E-03
 -0.120797E-03 -0.171455E-03 -0.547847E-04 -0.208242E-04 -0.100396E-03
 -0.344399E-04 -0.155040E-03 -0.960102E-04 -0.111730E-03 -0.120258E-03
 -0.343418E-04 -0.139954E-03 -0.983439E-04 -0.685077E-04 -0.754499E-04
 -0.897488E-04 -0.121942E-03 -0.121156E-03 -0.804110E-04 -0.156970E-03
 -0.102348E-03 -0.657011E-04 -0.105865E-03 -0.101383E-03 -0.111506E-03
 -0.954806E-04 -0.625676E-04 -0.792202E-04 -0.913985E-04 -0.780404E-04
  0.801432E-06 -0.680987E-04 -0.387130E-04  0.494540E-04 -0.408797E-04
  0.235786E-04 -0.521802E-04 -0.428909E-04 -0.510800E-04 -0.656237E-04
 -0.603673E-04 -0.571917E-04 -0.994268E-05 -0.880330E-04 -0.464280E-04
 -0.581427E-04 -0.661838E-04 -0.358409E-04 -0.587810E-04 -0.401985E-04
 -0.482085E-04 -0.336188E-04 -0.187870E-04 -0.260653E-04 -0.379539E-04
 -0.173558E-04 -0.709069E-05 -0.229655E-04 -0.105744E-04 -0.127339E-04
 -0.119870E-05 -0.168394E-04 -0.148700E-04  0.270904E-05 -0.190656E-05
 -0.344939E-05 -0.271340E-05  0.808690E-05 -0.176087E-04 -0.112607E-04
 -0.511393E-05  0.980127E-05  0.650447E-05  0.290856E-05 -0.423905E-05
  0.646414E-05  0.477738E-05 -0.494974E-05 -0.131651E-05 -0.659013E-06
 -0.484649E-05 -0.135713E-04 -0.431705E-04 -0.591385E-05 -0.218480E-04
 -0.432904E-04 -0.301625E-04  0.170251E-06 -0.423291E-05 -0.593524E-05
 -0.647959E-04 -0.287879E-05 -0.145949E-04 -0.138885E-04 -0.106340E-04
 -0.342925E-04 -0.205021E-04 -0.733935E-04 -0.338664E-04 -0.299671E-04
 -0.343114E-04 -0.343547E-04 -0.529412E-04 -0.699126E-04 -0.383371E-04
 -0.372483E-04 -0.601839E-04  0.747956E-06 -0.735703E-04 -0.542357E-04
 -0.489474E-04 -0.744741E-04 -0.443801E-05 -0.986386E-04 -0.652886E-04
 -0.549452E-04 -0.788078E-04 -0.307348E-04 -0.113273E-03 -0.921011E-04
 -0.198494E-04 -0.124111E-03  0.179306E-04 -0.831491E-04 -0.904628E-04
 -0.684459E-04 -0.141466E-03  0.116827E-05 -0.713319E-04 -0.113781E-03
 -0.101545E-03 -0.788722E-04 -0.206667E-04 -0.162374E-03 -0.126983E-03
 -0.480664E-04 -0.103207E-03 -0.147482E-03 -0.918052E-04 -0.176532E-03
 -0.142826E-03 -0.763382E-04 -0.174901E-03 -0.428455E-06 -0.140427E-03
  0.371432E-04  0.729683E-04 -0.380361E-04 -0.853061E-04 -0.365877E-04
 -0.878956E-04 -0.925428E-04 -0.893479E-04 -0.541142E-04 -0.541400E-05
  0.414838E-05 -0.398451E-05 -0.296070E-04 -0.545357E-04 -0.283578E-04
 -0.171715E-04 -0.350848E-04 -0.369001E-04 -0.700483E-04 -0.765047E-04
 -0.670296E-04 -0.642480E-04 -0.613284E-04 -0.554313E-04 -0.462649E-04
 -0.381660E-04 -0.281709E-04 -0.268415E-04 -0.155365E-04 -0.145384E-04
 -0.871501E-05 -0.360994E-05  0.182018E-05  0.523800E-05  0.978562E-05
  0.157529E-04 -0.150204E-04 -0.169759E-05  0.132882E-04  0.316349E-05
  0.122967E-04  0.609033E-05  0.510042E-05  0.320862E-05 -0.550137E-05
 -0.726489E-05 -0.114912E-04 -0.119957E-04 -0.257501E-04  0.502589E-05
 -0.198734E-05  0.347853E-04 -0.113117E-04  0.285813E-04 -0.372668E-04
  0.106974E-04 -0.582864E-04  0.511898E-04 -0.307375E-04 -0.401957E-04
 -0.904940E-04 -0.592953E-04 -0.417356E-04 -0.372609E-04 -0.512118E-04
 -0.757138E-02 -0.965655E-02 -0.881903E-02 -0.867333E-02 -0.370868E-02
 -0.721386E-02 -0.335858E-02 -0.539237E-02 -0.296606E-02 -0.587431E-02
 -0.193857E-02 -0.117138E-02 -0.149602E-02 -0.311374E-03 -0.402054E-02
  0.144186E-03  0.541966E-02 -0.153876E-02  0.158818E-02  0.133698E-01
 -0.270746E-02  0.691660E-02  0.485749E-05  0.199036E-01  0.319826E-02
  0.220802E-02  0.985921E-02  0.462151E-02  0.554947E-02  0.149315E-01
  0.911982E-02  0.696417E-02  0.892579E-02  0.222579E-02  0.123105E-01
  0.129295E-01  0.745423E-02  0.203878E-01  0.597427E-02  0.170838E-01
  0.231443E-01  0.127692E-01  0.222678E-01  0.165331E-01  0.141333E-01
  0.141307E-01  0.312569E-01  0.114137E-01  0.126050E-01  0.242966E-01
  0.145196E-01  0.224802E-01  0.150399E-01  0.173815E-01  0.103438E-01
  0.188690E-01  0.877658E-02  0.232714E-01  0.225022E-01  0.157069E-01
  0.285410E-01  0.107091E-01  0.214206E-01  0.210938E-01  0.164557E-01
  0.194624E-01  0.103755E-01  0.210432E-01  0.222056E-01  0.242732E-01
  0.204295E-01  0.261102E-01  0.212283E-01  0.181412E-01  0.270133E-01
  0.280040E-01  0.157368E-01  0.286661E-01  0.197939E-01  0.216607E-01
  0.282474E-01  0.312285E-01  0.201464E-01  0.370835E-01  0.241303E-01
  0.331320E-01  0.359565E-01  0.228611E-01  0.197230E-01  0.360523E-01
  0.353000E-01  0.457774E-01  0.269729E-01  0.386307E-01  0.272204E-01
  0.283423E-01  0.403815E-01  0.268369E-01  0.277416E-01  0.399910E-01
  0.258881E-01  0.346324E-01  0.266324E-01  0.325765E-01  0.263113E-01
  0.294145E-01  0.251044E-01  0.294389E-01  0.213150E-01  0.334781E-01
  0.236983E-01  0.215588E-01  0.233108E-01  0.196229E-01  0.258739E-01
  0.216522E-01  0.145193E-01  0.194582E-01  0.196079E-01  0.155266E-01
  0.197886E-01  0.174551E-01  0.196549E-01  0.168556E-01  0.186971E-01
  0.143132E-01  0.187366E-01  0.116607E-01  0.183220E-01  0.224222E-01
  0.136826E-01  0.161362E-01  0.131733E-01  0.149621E-01  0.110063E-01
  0.126772E-01  0.111216E-01  0.877621E-02  0.105100E-01  0.740604E-02
  0.104570E-01  0.563243E-02  0.468209E-02  0.513184E-02  0.653763E-02
  0.267187E-02  0.102782E-02  0.281640E-02  0.527621E-02 -0.107884E-03
  0.277282E-02  0.641904E-02  0.146566E-02 -0.141266E-02 -0.993439E-04
 -0.218465E-02 -0.498863E-02 -0.553928E-02  0.850180E-02  0.182832E-02
 -0.134098E-02 -0.692374E-02 -0.432120E-02 -0.588894E-02 -0.354155E-02
 -0.448098E-02 -0.422740E-02 -0.145566E-02 -0.386256E-03 -0.350144E-02
 -0.145397E-02  0.718656E-03  0.980461E-02 -0.938753E-03  0.398129E-02
  0.740693E-02  0.563582E-02 -0.156287E-02  0.600957E-02  0.215659E-02
  0.127726E-01  0.735507E-02  0.299487E-02  0.208886E-02  0.484514E-02
  0.103116E-01  0.240119E-02  0.178297E-01  0.469729E-02  0.118032E-01
  0.507373E-02  0.527559E-02  0.978534E-02  0.165197E-01  0.713369E-02
  0.108876E-01  0.103117E-01  0.976064E-02  0.131323E-01  0.965729E-02
  0.161174E-01  0.146954E-01  0.131166E-01  0.233106E-01  0.164812E-01
  0.295822E-01  0.167472E-01  0.185061E-01  0.237861E-01  0.223072E-01
  0.128462E-01  0.290314E-01  0.206101E-01  0.223124E-01  0.266469E-01
  0.229224E-01  0.333379E-01  0.209097E-01  0.278759E-01  0.311398E-01
  0.304518E-01  0.316995E-01  0.280884E-01  0.390242E-01  0.309029E-01
  0.293024E-01  0.333039E-01  0.367829E-01  0.364433E-01  0.411445E-01
  0.429317E-01  0.382283E-01  0.459134E-01  0.334932E-01  0.433861E-01
  0.296619E-01  0.330151E-01  0.259656E-01  0.294477E-01  0.205967E-01
  0.288899E-01  0.242770E-01  0.267219E-01  0.262777E-01  0.289880E-01
  0.155531E-01  0.260597E-01  0.145188E-01  0.272687E-01  0.239730E-01
  0.181055E-01  0.223818E-01  0.131612E-01  0.179658E-01  0.144406E-01
  0.154448E-01  0.120903E-01  0.126937E-01  0.105903E-01  0.695641E-02
  0.554290E-02  0.460248E-02  0.268930E-02  0.616200E-03  0.520204E-03
 -0.143629E-02 -0.229964E-02 -0.253714E-02 -0.141893E-02 -0.116153E-02
  0.159991E-02  0.343749E-02 -0.304178E-02 -0.311769E-02 -0.550747E-03
 -0.460075E-02 -0.554058E-02 -0.423564E-02 -0.269301E-02 -0.276701E-02
 -0.229723E-02 -0.386863E-04  0.690785E-03  0.269204E-02  0.297492E-02
  0.344801E-02  0.649717E-02  0.459574E-02  0.741978E-02  0.106149E-01
  0.100494E-01  0.176066E-01  0.127845E-01  0.123567E-01  0.176086E-01
  0.173113E-01  0.129847E-01  0.866327E-02  0.100121E-01  0.104611E-01
  0.155761E-04  0.199322E-04  0.205861E-04  0.133557E-04  0.531928E-06
  0.138123E-04 -0.219581E-05  0.670763E-05  0.352250E-05  0.105979E-04
 -0.777777E-05  0.748327E-05 -0.408417E-05 -0.646934E-05  0.892333E-05
 -0.715469E-05 -0.202513E-04  0.948663E-06 -0.130243E-04 -0.678688E-04
 -0.986181E-05 -0.258818E-04 -0.139292E-04 -0.916890E-04 -0.138148E-04
 -0.275165E-04 -0.298451E-04 -0.310005E-04 -0.314745E-04 -0.695971E-04
 -0.486158E-04 -0.198383E-04 -0.421494E-04 -0.102396E-04 -0.591516E-04
 -0.575729E-04 -0.238464E-04 -0.938688E-04 -0.885666E-05 -0.728295E-04
 -0.938897E-04 -0.448622E-04 -0.642904E-04 -0.102699E-04 -0.348743E-05
 -0.568427E-04 -0.104122E-03 -0.313943E-04  0.939109E-05 -0.631332E-04
 -0.325944E-04 -0.757699E-04 -0.398066E-04  0.285026E-04 -0.355222E-04
 -0.266443E-04 -0.269469E-04 -0.786414E-04 -0.874632E-04 -0.675394E-04
 -0.104624E-03 -0.307244E-04 -0.756322E-04 -0.761037E-04 -0.410491E-04
 -0.760917E-04 -0.336654E-04 -0.405426E-04 -0.958395E-04 -0.954450E-04
 -0.692438E-04 -0.829899E-04 -0.719508E-04 -0.223121E-04 -0.997629E-04
 -0.918377E-04  0.182796E-04 -0.128425E-03 -0.781321E-04 -0.724288E-04
 -0.670658E-04 -0.117037E-03 -0.435486E-04 -0.134265E-03 -0.552516E-04
 -0.108117E-03 -0.142889E-03 -0.874722E-04 -0.454762E-04 -0.136766E-03
 -0.124151E-03 -0.161365E-03 -0.753368E-04 -0.963216E-04 -0.789528E-04
 -0.736598E-04 -0.143000E-03 -0.995703E-04 -0.100026E-03 -0.131177E-03
 -0.712669E-04 -0.137008E-03 -0.106792E-03 -0.101016E-03 -0.748627E-04
 -0.998581E-04 -0.108707E-03 -0.111425E-03 -0.701284E-04 -0.145294E-03
 -0.937178E-04 -0.640963E-04 -0.999724E-04 -0.874304E-04 -0.936288E-04
 -0.761459E-04 -0.503564E-04 -0.720996E-04 -0.633307E-04 -0.494260E-04
 -0.961351E-05 -0.589351E-04 -0.368548E-04 -0.874701E-05 -0.209928E-04
 -0.125020E-04 -0.539426E-04 -0.172776E-04 -0.402745E-04 -0.371294E-04
 -0.275732E-04 -0.512105E-04 -0.169612E-04 -0.534664E-04 -0.264250E-04
 -0.258023E-04 -0.470294E-04 -0.259680E-04 -0.411320E-04 -0.380929E-04
 -0.271392E-04 -0.285055E-04 -0.120554E-04 -0.269437E-04 -0.161525E-04
 -0.156224E-04  0.214604E-04 -0.168236E-04 -0.139955E-04 -0.240303E-05
 -0.240743E-05 -0.176933E-04 -0.132320E-04  0.372593E-05 -0.211360E-05
 -0.845218E-06  0.618693E-05  0.153363E-04 -0.186053E-04 -0.453818E-05
  0.300043E-05  0.228743E-04  0.176703E-04  0.125151E-04  0.360808E-05
  0.978542E-05  0.934993E-05 -0.144987E-05 -0.249336E-05  0.478161E-05
 -0.456881E-06 -0.802792E-05 -0.348981E-04 -0.358018E-05 -0.225796E-04
 -0.361627E-04 -0.239749E-04  0.631971E-05 -0.146914E-04 -0.902397E-05
 -0.487825E-04 -0.113312E-04 -0.115007E-04 -0.478357E-05 -0.115148E-04
 -0.174843E-04 -0.931578E-05 -0.548314E-04 -0.196546E-04 -0.176976E-04
 -0.225215E-04 -0.208196E-04 -0.442539E-04 -0.457894E-04 -0.250256E-04
 -0.181667E-04 -0.496003E-04  0.340037E-04 -0.435679E-04 -0.421408E-04
 -0.513296E-04 -0.672334E-04 -0.166922E-04 -0.913237E-04 -0.625905E-04
 -0.868801E-04 -0.725983E-04 -0.372672E-04 -0.101025E-03 -0.746664E-04
 -0.219484E-04 -0.124321E-03 -0.249707E-04 -0.778446E-04 -0.104649E-03
 -0.728095E-04 -0.143012E-03 -0.388454E-04 -0.929845E-04 -0.126801E-03
 -0.116095E-03 -0.118421E-03 -0.625420E-04 -0.161895E-03 -0.115950E-03
 -0.848741E-04 -0.113164E-03 -0.141890E-03 -0.117764E-03 -0.171349E-03
 -0.159138E-03 -0.121933E-03 -0.179791E-03 -0.662146E-04 -0.130462E-03
 -0.362512E-04 -0.331548E-04 -0.729367E-04 -0.899107E-04 -0.510195E-04
 -0.887067E-04 -0.841403E-04 -0.937076E-04 -0.782755E-04 -0.623368E-04
 -0.335495E-04 -0.603083E-04 -0.425303E-04 -0.875583E-04 -0.694756E-04
 -0.455325E-04 -0.601200E-04 -0.459156E-04 -0.649906E-04 -0.585623E-04
 -0.548027E-04 -0.551935E-04 -0.575417E-04 -0.501311E-04 -0.391376E-04
 -0.354830E-04 -0.242695E-04 -0.238951E-04 -0.986990E-05 -0.141558E-04
 -0.641869E-05 -0.533686E-06  0.266174E-05  0.421913E-05  0.762258E-05
  0.663934E-05 -0.198178E-04  0.485831E-07  0.941572E-05  0.145150E-05
  0.102313E-04  0.125659E-04  0.109858E-04  0.380540E-05 -0.291411E-06
 -0.195913E-05 -0.775847E-05 -0.852351E-05 -0.197183E-04 -0.195146E-05
 -0.102986E-04  0.401290E-05 -0.771058E-05  0.176938E-05 -0.117988E-04
 -0.601955E-05 -0.274269E-04 -0.811047E-06 -0.388102E-04 -0.316483E-04
 -0.684840E-04 -0.507074E-04 -0.366275E-04 -0.359620E-04 -0.417409E-04
  0.000000E+00  0.100000E+02  0.200000E+02  0.300000E+02  0.400000E+02
  0.500000E+02  0.600000E+02  0.700000E+02  0.800000E+02  0.900000E+02
  0.100000E+03  0.110000E+03  0.120000E+03  0.130000E+03  0.140000E+03
  0.150000E+03  0.160000E+03  0.170000E+03  0.180000E+03  0.190000E+03
  0.200000E+03  0.210000E+03  0.220000E+03  0.230000E+03  0.240000E+03
  0.250000E+03  0.260000E+03  0.270000E+03  0.280000E+03  0.290000E+03
  0.300000E+03  0.310000E+03  0.320000E+03  0.330000E+03  0.340000E+03
  0.350000E+03  0.360000E+03  0.370000E+03  0.380000E+03  0.390000E+03
  0.400000E+03  0.410000E+03  0.420000E+03  0.430000E+03  0.440000E+03
  0.450000E+03  0.460000E+03  0.470000E+03  0.480000E+03  0.490000E+03
  0.500000E+03  0.510000E+03  0.520000E+03  0.530000E+03  0.540000E+03
  0.550000E+03  0.560000E+03  0.570000E+03  0.580000E+03  0.590000E+03
  0.600000E+03  0.610000E+03  0.620000E+03  0.630000E+03  0.640000E+03
  0.650000E+03  0.660000E+03  0.670000E+03  0.680000E+03  0.690000E+03
  0.700000E+03  0.710000E+03  0.720000E+03  0.730000E+03  0.740000E+03
  0.750000E+03  0.760000E+03  0.770000E+03  0.780000E+03  0.790000E+03
  0.800000E+03  0.810000E+03  0.820000E+03  0.830000E+03  0.840000E+03
  0.850000E+03  0.860000E+03  0.870000E+03  0.880000E+03  0.890000E+03
  0.900000E+03  0.910000E+03  0.920000E+03  0.930000E+03  0.940000E+03
  0.950000E+03  0.960000E+03  0.970000E+03  0.980000E+03  0.990000E+03
  0.100000E+04  0.101000E+04  0.102000E+04  0.103000E+04  0.104000E+04
  0.105000E+04  0.106000E+04  0.107000E+04  0.108000E+04  0.109000E+04
  0.110000E+04  0.111000E+04  0.112000E+04  0.113000E+04  0.114000E+04
  0.115000E+04  0.116000E+04  0.117000E+04  0.118000E+04  0.119000E+04
  0.120000E+04  0.121000E+04  0.122000E+04  0.123000E+04  0.124000E+04
  0.125000E+04  0.126000E+04  0.127000E+04  0.128000E+04  0.129000E+04
  0.130000E+04  0.131000E+04  0.132000E+04  0.133000E+04  0.134000E+04
  0.135000E+04  0.136000E+04  0.137000E+04  0.138000E+04  0.139000E+04
  0.140000E+04  0.141000E+04  0.142000E+04  0.143000E+04  0.144000E+04
  0.145000E+04  0.146000E+04  0.147000E+04  0.148000E+04  0.149000E+04
  0.150000E+04  0.151000E+04  0.152000E+04  0.153000E+04  0.154000E+04
  0.155000E+04  0.156000E+04  0.157000E+04  0.158000E+04  0.159000E+04
  0.160000E+04  0.161000E+04  0.162000E+04  0.163000E+04  0.164000E+04
  0.165000E+04  0.166000E+04  0.167000E+04  0.168000E+04  0.169000E+04
  0.170000E+04  0.171000E+04  0.172000E+04  0.173000E+04  0.174000E+04
  0.175000E+04  0.176000E+04  0.177000E+04  0.178000E+04  0.179000E+04
  0.180000E+04  0.181000E+04  0.182000E+04  0.183000E+04  0.184000E+04
  0.185000E+04  0.186000E+04  0.187000E+04  0.188000E+04  0.189000E+04
  0.190000E+04  0.191000E+04  0.192000E+04  0.193000E+04  0.194000E+04
  0.195000E+04  0.196000E+04  0.197000E+04  0.198000E+04  0.199000E+04
  0.200000E+04  0.201000E+04  0.202000E+04  0.203000E+04  0.204000E+04
  0.205000E+04  0.206000E+04  0.207000E+04  0.208000E+04  0.209000E+04
  0.210000E+04  0.211000E+04  0.212000E+04  0.213000E+04  0.214000E+04
  0.215000E+04  0.216000E+04  0.217000E+04  0.218000E+04  0.219000E+04
  0.220000E+04  0.221000E+04  0.222000E+04  0.223000E+04  0.224000E+04
  0.225000E+04  0.226000E+04  0.227000E+04  0.228000E+04  0.229000E+04
  0.230000E+04  0.231000E+04  0.232000E+04  0.233000E+04  0.234000E+04
  0.235000E+04  0.236000E+04  0.237000E+04  0.238000E+04  0.239000E+04
  0.240000E+04  0.241000E+04  0.242000E+04  0.243000E+04  0.244000E+04
  0.245000E+04  0.246000E+04  0.247000E+04  0.248000E+04  0.249000E+04
  0.250000E+04  0.251000E+04  0.252000E+04  0.253000E+04  0.254000E+04
  0.255000E+04  0.256000E+04  0.257000E+04  0.258000E+04  0.259000E+04
  0.260000E+04  0.261000E+04  0.262000E+04  0.263000E+04  0.264000E+04
  0.265000E+04  0.266000E+04  0.267000E+04  0.268000E+04  0.269000E+04
  0.270000E+04  0.271000E+04  0.272000E+04  0.273000E+04  0.274000E+04
  0.275000E+04  0.276000E+04  0.277000E+04  0.278000E+04  0.279000E+04
  0.280000E+04  0.281000E+04  0.282000E+04  0.283000E+04  0.284000E+04
  0.285000E+04  0.286000E+04  0.287000E+04  0.288000E+04  0.289000E+04
  0.290000E+04  0.291000E+04  0.292000E+04  0.293000E+04  0.294000E+04
  0.295000E+04  0.296000E+04  0.297000E+04  0.298000E+04  0.299000E+04
  0.100000E+02  0.200000E+02  0.300000E+02  0.400000E+02  0.500000E+02
  0.600000E+02  0.700000E+02  0.800000E+02  0.900000E+02  0.100000E+03
  0.110000E+03  0.120000E+03  0.130000E+03  0.140000E+03  0.150000E+03
  0.160000E+03  0.170000E+03  0.180000E+03  0.190000E+03  0.200000E+03
  0.210000E+03  0.220000E+03  0.230000E+03  0.240000E+03  0.250000E+03
  0.260000E+03  0.270000E+03  0.280000E+03  0.290000E+03  0.300000E+03
  0.310000E+03  0.320000E+03  0.330000E+03  0.340000E+03  0.350000E+03
  0.360000E+03  0.370000E+03  0.380000E+03  0.390000E+03  0.400000E+03
  0.410000E+03  0.420000E+03  0.430000E+03  0.440000E+03  0.450000E+03
  0.460000E+03  0.470000E+03  0.480000E+03  0.490000E+03  0.500000E+03
  0.510000E+03  0.520000E+03  0.530000E+03  0.540000E+03  0.550000E+03
  0.560000E+03  0.570000E+03  0.580000E+03  0.590000E+03  0.600000E+03
  0.610000E+03  0.620000E+03  0.630000E+03  0.640000E+03  0.650000E+03
  0.660000E+03  0.670000E+03  0.680000E+03  0.690000E+03  0.700000E+03
  0.710000E+03  0.720000E+03  0.730000E+03  0.740000E+03  0.750000E+03
  0.760000E+03  0.770000E+03  0.780000E+03  0.790000E+03  0.800000E+03
  0.810000E+03  0.820000E+03  0.830000E+03  0.840000E+03  0.850000E+03
  0.860000E+03  0.870000E+03  0.880000E+03  0.890000E+03  0.900000E+03
  0.910000E+03  0.920000E+03  0.930000E+03  0.940000E+03  0.950000E+03
  0.960000E+03  0.970000E+03  0.980000E+03  0.990000E+03  0.100000E+04
  0.101000E+04  0.102000E+04  0.103000E+04  0.104000E+04  0.105000E+04
  0.106000E+04  0.107000E+04  0.108000E+04  0.109000E+04  0.110000E+04
  0.111000E+04  0.112000E+04  0.113000E+04  0.114000E+04  0.115000E+04
  0.116000E+04  0.117000E+04  0.118000E+04  0.119000E+04  0.120000E+04
  0.121000E+04  0.122000E+04  0.123000E+04  0.124000E+04  0.125000E+04
  0.126000E+04  0.127000E+04  0.128000E+04  0.129000E+04  0.130000E+04
  0.131000E+04  0.132000E+04  0.133000E+04  0.134000E+04  0.135000E+04
  0.136000E+04  0.137000E+04  0.138000E+04  0.139000E+04  0.140000E+04
  0.141000E+04  0.142000E+04  0.143000E+04  0.144000E+04  0.145000E+04
  0.146000E+04  0.147000E+04  0.148000E+04  0.149000E+04  0.150000E+04
  0.151000E+04  0.152000E+04  0.153000E+04  0.154000E+04  0.155000E+04
  0.156000E+04  0.157000E+04  0.158000E+04  0.159000E+04  0.160000E+04
  0.161000E+04  0.162000E+04  0.163000E+04  0.164000E+04  0.165000E+04
  0.166000E+04  0.167000E+04  0.168000E+04  0.169000E+04  0.170000E+04
  0.171000E+04  0.172000E+04  0.173000E+04  0.174000E+04  0.175000E+04
  0.176000E+04  0.177000E+04  0.178000E+04  0.179000E+04  0.180000E+04
  0.181000E+04  0.182000E+04  0.183000E+04  0.184000E+04  0.185000E+04
  0.186000E+04  0.187000E+04  0.188000E+04  0.189000E+04  0.190000E+04
  0.191000E+04  0.192000E+04  0.193000E+04  0.194000E+04  0.195000E+04
  0.196000E+04  0.197000E+04  0.198000E+04  0.199000E+04  0.200000E+04
  0.201000E+04  0.202000E+04  0.203000E+04  0.204000E+04  0.205000E+04
  0.206000E+04  0.207000E+04  0.208000E+04  0.209000E+04  0.210000E+04
  0.211000E+04  0.212000E+04  0.213000E+04  0.214000E+04  0.215000E+04
  0.216000E+04  0.217000E+04  0.218000E+04  0.219000E+04  0.220000E+04
  0.221000E+04  0.222000E+04  0.223000E+04  0.224000E+04  0.225000E+04
  0.226000E+04  0.227000E+04  0.228000E+04  0.229000E+04  0.230000E+04
  0.231000E+04  0.232000E+04  0.233000E+04  0.234000E+04  0.235000E+04
  0.236000E+04  0.237000E+04  0.238000E+04  0.239000E+04  0.240000E+04
  0.241000E+04  0.242000E+04  0.243000E+04  0.244000E+04  0.245000E+04
  0.246000E+04  0.247000E+04  0.248000E+04  0.249000E+04  0.250000E+04
  0.251000E+04  0.252000E+04  0.253000E+04  0.254000E+04  0.255000E+04
  0.256000E+04  0.257000E+04  0.258000E+04  0.259000E+04  0.260000E+04
  0.261000E+04  0.262000E+04  0.263000E+04  0.264000E+04  0.265000E+04
  0.266000E+04  0.267000E+04  0.268000E+04  0.269000E+04  0.270000E+04
  0.271000E+04  0.272000E+04  0.273000E+04  0.274000E+04  0.275000E+04
  0.276000E+04  0.277000E+04  0.278000E+04  0.279000E+04  0.280000E+04
  0.281000E+04  0.282000E+04  0.283000E+04  0.284000E+04  0.285000E+04
  0.286000E+04  0.287000E+04  0.288000E+04  0.289000E+04  0.290000E+04
  0.291000E+04  0.292000E+04  0.293000E+04  0.294000E+04  0.295000E+04
  0.296000E+04  0.297000E+04  0.298000E+04  0.299000E+04  0.300000E+04
