  0.354394E+00  0.269555E+03  0.166881E+03  0.201092E+04  0.963517E+03
  0.547366E+04  0.152773E+04  0.598783E+04  0.698574E+04  0.855786E+04
  0.961241E+04  0.232948E+04  0.126920E+05  0.104250E+05  0.503525E+04
  0.181015E+05  0.852781E+03  0.136195E+05  0.288124E+04  0.169926E+04
  0.209529E+05  0.126431E+04  0.109964E+05  0.335768E+03  0.491056E+04
  0.862672E+04  0.539773E+03  0.439262E+04  0.347435E+04  0.130116E+03
  0.464843E+04  0.252602E+03  0.257115E+04  0.487406E+03  0.892068E+03
  0.117025E+04  0.125718E+03  0.458380E+03  0.142817E+03  0.445902E+03
  0.302557E+02  0.394042E+03  0.437646E+02  0.348405E+02  0.614853E+02
  0.143019E+03  0.103854E+02  0.724361E+02  0.316294E+02  0.945465E+01
  0.542126E+02  0.351214E+02  0.301492E+02  0.380543E+01  0.126179E+02
  0.547458E+01  0.135447E+02  0.105813E+02  0.721779E+01  0.121663E+02
  0.307963E+01  0.464366E+01  0.411247E+01  0.581997E+01  0.111042E+01
  0.186749E+01  0.181250E+01  0.548234E+00  0.168300E+01  0.173882E+01
  0.157880E+01  0.253108E+00  0.182878E+00  0.254063E+00  0.703211E+00
  0.239778E+00  0.613243E-01  0.204244E+00  0.188056E+00  0.686847E+00
  0.114104E+00  0.395558E-01  0.487594E-01  0.178679E-01  0.514882E-01
  0.104298E+00  0.121995E-01  0.438160E-01  0.642255E-01  0.480988E-02
  0.380970E-01  0.367775E-02  0.372094E-01  0.357914E-03  0.298004E-01
  0.136966E-01  0.302949E-02  0.224620E-01  0.202130E-02  0.261885E-02
  0.721739E-02  0.342597E-01  0.211330E-01  0.711362E-02  0.787446E-02
  0.115286E-01  0.792392E-01  0.285136E-01  0.638054E-02  0.439922E-01
  0.104439E+00  0.685759E-01  0.952855E-01  0.360711E+00  0.760144E-01
  0.713438E-01  0.153696E+00  0.806841E+00  0.565709E+00  0.363507E+00
  0.290804E-01  0.114685E+01  0.895400E+00  0.107823E+00  0.120397E+01
  0.277030E+00  0.646725E+01  0.463433E+01  0.319042E+01  0.123940E+01
  0.211250E+01  0.261400E+02  0.630879E+01  0.368457E+02  0.328004E+02
  0.895182E+01  0.117313E+03  0.107221E+03  0.138428E+03  0.337719E+03
  0.709776E+02  0.485981E+03  0.166016E+03  0.446841E+03  0.116992E+03
  0.110228E+04  0.307645E+03  0.796296E+03  0.348330E+03  0.862856E+03
  0.167043E+04  0.531283E+03  0.143236E+04  0.140000E+04  0.152105E+04
  0.194705E+04  0.136007E+04  0.107961E+04  0.605178E+01  0.395019E+02
  0.928130E+02  0.971761E+03  0.537876E+03  0.106689E+04  0.921298E+03
  0.231353E+04  0.813054E+03  0.697685E+03  0.156771E+04  0.192459E+04
  0.983961E+03  0.124187E+04  0.473934E+02  0.145447E+04  0.311567E+03
  0.432813E+03  0.370270E+03  0.768859E+03  0.139024E+03  0.551631E+03
  0.659448E+02  0.803727E+02  0.179080E+03  0.193320E+03  0.391811E+03
  0.523601E+01  0.230966E+03  0.441754E+01  0.772355E+02  0.239448E+02
  0.345652E+02  0.111276E+03  0.386056E+02  0.144434E+01  0.668751E+02
  0.366042E+01  0.239287E+02  0.418770E+00  0.617665E+01  0.309691E+02
  0.121269E+01  0.129043E+02  0.131073E+01  0.227489E+00  0.487558E+01
  0.211992E-01  0.565036E+01  0.623221E+00  0.399047E+00  0.151792E+01
  0.244495E+00  0.483321E+00  0.149328E+00  0.678906E+00  0.170910E+00
  0.128846E+00  0.157380E+00  0.458940E-01  0.859729E-01  0.163579E-01
  0.816818E-01  0.405279E-01  0.127708E-01  0.196254E-01  0.231778E-01
  0.434507E-01  0.647047E-02  0.183352E-01  0.644490E-02  0.938023E-02
  0.432954E-02  0.314562E-02  0.248898E-02  0.178110E-02  0.651070E-03
  0.171195E-02  0.394044E-03  0.180570E-02  0.207730E-03  0.545757E-03
  0.253592E-03  0.386109E-03  0.585599E-03  0.282013E-03  0.109852E-03
  0.184972E-03  0.312023E-03  0.311164E-03  0.445481E-03  0.373430E-03
  0.632202E-03  0.115428E-02  0.702520E-03  0.273046E-02  0.447447E-02
  0.237212E-02  0.101041E-01  0.136006E-01  0.151607E-01  0.270425E-01
  0.564661E-01  0.234792E-01  0.874403E-01  0.897867E-01  0.756230E-01
  0.963001E-01  0.943138E-01  0.102944E+00  0.634256E-01  0.668412E-01
  0.393062E-01  0.108483E+00  0.295379E+00  0.543610E-01  0.129475E-01
  0.993220E-01  0.108518E+00  0.107606E+00  0.130496E+00  0.886396E-01
  0.119493E+00  0.114362E+00  0.832456E-01  0.626117E-01  0.480538E-01
  0.331666E-01  0.288064E-01  0.446965E-01  0.131402E-01  0.777687E-01
  0.473002E-01  0.321045E-01  0.943171E-02  0.534910E+00  0.589705E-01
  0.329984E+00  0.626316E+00  0.155088E+01  0.167696E+01  0.152825E+01
  0.878957E-01  0.957421E-01  0.721706E-01  0.255607E+00  0.196279E+00
  0.276582E+00  0.282494E+00  0.340672E+00  0.194975E+00  0.231576E+00
  0.273331E+00  0.123420E+00  0.206626E+00  0.221099E+00  0.133259E+00
  0.184229E+00  0.175158E+00  0.176616E+00  0.109505E+00  0.111929E+00
  0.145305E+00  0.203287E+00  0.151565E+00  0.911558E-01  0.151416E+00
  0.850935E-01  0.756175E-01  0.100404E+00  0.171546E+00  0.125400E+00
  0.105935E+00  0.816284E-01  0.149490E+00  0.856912E-01  0.107171E+00
  0.185484E+00  0.753845E-01  0.108665E+00  0.123918E+00  0.178738E+00
  0.833838E-01  0.119876E+00  0.133111E+00  0.936153E-01  0.156813E+00
  0.166475E+00  0.162281E+00  0.114826E+00  0.724027E-01  0.740207E-01
  0.734123E-01  0.141303E+00  0.359509E-01  0.833159E-01  0.128910E+00
  0.996564E-01  0.103714E+00  0.316097E-01  0.102931E+00  0.889543E-01
  0.442147E-01  0.783864E-01  0.567634E-01  0.864963E-01  0.699912E-01
  0.736002E-01  0.608400E-01  0.112605E+00  0.383238E-01  0.122913E+00
  0.102378E+00  0.930114E-01  0.696516E-01  0.456091E-01  0.867381E-01
  0.647431E-01  0.659709E-01  0.937115E-01  0.445141E-01  0.946192E-01
  0.101015E+00  0.798627E-01  0.100454E+00  0.542497E-01  0.802099E-01
  0.106054E+00  0.507132E-01  0.555273E-01  0.815886E-01  0.124387E+00
  0.403590E-01  0.108227E+00  0.735783E-01  0.179335E+00  0.634835E-01
  0.110118E+00  0.117667E+00  0.177389E+00  0.943924E-01  0.112250E+00
  0.151464E+00  0.124021E+00  0.109054E+00  0.192573E+00  0.565369E-01
  0.139239E+00  0.789847E-01  0.909992E-01  0.132539E+00  0.738059E-01
  0.930665E-01  0.996386E-01  0.107585E+00  0.129751E+00  0.100314E+00
  0.170380E+00  0.217595E+00  0.904068E-01  0.902260E-01  0.147662E+00
  0.374292E+00  0.185647E+00  0.245272E+00  0.329443E+00  0.133894E+00
  0.569070E+00  0.303969E+00  0.101321E+00  0.457348E+00  0.455111E+00
  0.294776E+00  0.387918E+00  0.392153E+00  0.276787E+00  0.207107E+00
  0.254630E+00  0.227533E+00  0.195926E+00  0.122482E+00  0.184826E+00
  0.100605E+00  0.185862E+00  0.177918E+00  0.170680E+00  0.927662E-01
  0.261475E+00  0.853872E-01  0.175714E+00  0.241239E+00  0.176922E+00
  0.330340E+00  0.403782E+00  0.369824E+00  0.290961E+00  0.269576E+00
  0.305986E+00  0.175745E+00  0.785669E-01  0.187708E+00  0.242568E+00
  0.334952E+00  0.634962E-01  0.173254E+00  0.163281E+00  0.203276E+00
  0.201020E+00  0.196696E+00  0.241774E+00  0.188741E+00  0.210605E+00
  0.277764E+00  0.212305E+00  0.209719E+00  0.222984E+00  0.323552E+00
  0.120375E+00  0.117345E+00  0.137583E+00  0.191084E+00  0.188032E+00
  0.126463E+00  0.101782E+00  0.142022E+00  0.107599E+00  0.131142E+00
  0.245838E+00  0.143502E+00  0.105647E+00  0.774897E-01  0.824693E-01
  0.142134E+00  0.566832E-01  0.822143E-01  0.191901E+00  0.141891E+00
  0.148184E+00  0.859696E-01  0.897911E-01  0.822506E-01  0.127093E+00
  0.141147E+00  0.113839E+00  0.173493E+00  0.213836E+00  0.106511E+00
  0.498245E+00  0.106795E+00  0.141752E+00  0.150473E+00  0.141226E+00
  0.182255E+00  0.175965E+00  0.278710E+00  0.190586E+00  0.225167E+00
  0.145882E+00  0.140759E+00  0.137273E+00  0.253736E+00  0.206913E+00
  0.207824E+00  0.424433E+00  0.381412E+00  0.326857E+00  0.255974E+00
  0.483546E+00  0.115035E+00  0.522520E+00  0.263662E+00  0.311386E+00
  0.290794E+00  0.211242E+00  0.253154E+00  0.401896E+00  0.167121E+00
  0.268831E+00  0.303619E+00  0.180287E+00  0.260470E+00  0.158973E+00
  0.222707E+00  0.158276E+00  0.343035E+00  0.297344E+00  0.174711E+00
  0.312493E+00  0.390580E+00  0.453780E+00  0.566222E+00  0.336191E+00
  0.484339E+00  0.642801E+00  0.320132E+00  0.617288E+00  0.333652E+00
  0.482088E+00  0.335332E+00  0.374531E+00  0.352994E+00  0.303062E+00
  0.480676E+00  0.238952E+00  0.469903E+00  0.277254E+00  0.373482E+00
  0.351816E+00  0.265830E+00  0.374832E+00  0.405552E+00  0.394954E+00
  0.611103E+00  0.141065E+01  0.863658E+00  0.590211E+00  0.750988E+00
  0.634638E+00  0.335579E+00  0.297125E+00  0.570239E+00  0.634299E+00
  0.512599E+00  0.766081E+00  0.101557E+01  0.717782E+00  0.102193E+01
  0.101050E+01  0.885779E+00  0.743216E+00  0.129335E+01  0.370211E+00
  0.630467E+00  0.424349E+00  0.109500E+01  0.352879E+00  0.390638E+00
  0.273398E+00  0.263646E+00  0.164328E+00  0.270680E+00  0.185752E+00
 -0.673791E-02 -0.915242E-02 -0.802336E-02 -0.658041E-02 -0.238154E-02
 -0.714233E-02 -0.196779E-02 -0.442368E-02 -0.435346E-02 -0.597881E-02
 -0.191135E-02 -0.352965E-02 -0.197986E-02 -0.128969E-02 -0.381693E-02
 -0.137956E-02  0.548032E-02 -0.152345E-02  0.267287E-02  0.138442E-01
 -0.725202E-03  0.112112E-01  0.112214E-02  0.215017E-01  0.387414E-02
  0.397586E-02  0.930127E-02  0.654180E-02  0.734357E-02  0.190236E-01
  0.104411E-01  0.916390E-02  0.108547E-01  0.304518E-02  0.163876E-01
  0.147581E-01  0.484534E-02  0.223195E-01  0.565917E-02  0.197648E-01
  0.245516E-01  0.115930E-01  0.269834E-01  0.176039E-01  0.128722E-01
  0.134693E-01  0.391155E-01  0.117044E-01  0.690280E-02  0.202287E-01
  0.137673E-01  0.215074E-01  0.154294E-01  0.848692E-02  0.111187E-01
  0.185594E-01  0.991876E-02  0.210801E-01  0.237909E-01  0.162594E-01
  0.300747E-01  0.105370E-01  0.202277E-01  0.237185E-01  0.181054E-01
  0.201480E-01  0.931909E-02  0.218469E-01  0.254168E-01  0.261967E-01
  0.204125E-01  0.287829E-01  0.203871E-01  0.131408E-01  0.288982E-01
  0.278303E-01  0.980579E-02  0.303799E-01  0.205174E-01  0.212179E-01
  0.283163E-01  0.333856E-01  0.172394E-01  0.347373E-01  0.234455E-01
  0.303919E-01  0.387607E-01  0.222630E-01  0.170956E-01  0.392497E-01
  0.322837E-01  0.475914E-01  0.242920E-01  0.405940E-01  0.263313E-01
  0.262046E-01  0.407458E-01  0.279956E-01  0.292770E-01  0.359070E-01
  0.244800E-01  0.349836E-01  0.254345E-01  0.339988E-01  0.262268E-01
  0.281966E-01  0.285110E-01  0.295089E-01  0.209990E-01  0.362947E-01
  0.269087E-01  0.179159E-01  0.240459E-01  0.225858E-01  0.265246E-01
  0.256030E-01  0.139586E-01  0.189993E-01  0.208357E-01  0.173676E-01
  0.155986E-01  0.190849E-01  0.170891E-01  0.204949E-01  0.137236E-01
  0.163386E-01  0.173767E-01  0.992271E-02  0.246727E-01  0.298153E-01
  0.195828E-01  0.181777E-01  0.141307E-01  0.211370E-01  0.139938E-01
  0.177067E-01  0.149364E-01  0.100010E-01  0.121674E-01  0.846801E-02
  0.100783E-01  0.682961E-02  0.471235E-02  0.570263E-02  0.716064E-02
  0.309055E-02 -0.837157E-03  0.367720E-02  0.388354E-02  0.919044E-03
 -0.115452E-03  0.511605E-02  0.242592E-02 -0.178891E-02 -0.350795E-03
 -0.346930E-03 -0.216091E-02 -0.492402E-02  0.627284E-02  0.100921E-02
 -0.419169E-03 -0.547324E-02 -0.423878E-02 -0.351811E-02 -0.167553E-02
 -0.362631E-02 -0.338303E-02 -0.798830E-03 -0.111673E-02 -0.218370E-02
 -0.691784E-03  0.133457E-02  0.101611E-01  0.326931E-03  0.433973E-02
  0.803308E-02  0.659865E-02 -0.209223E-02  0.722910E-02  0.113138E-02
  0.159261E-01  0.512495E-02  0.404046E-02  0.208903E-02  0.209439E-02
  0.128685E-01  0.330185E-02  0.217520E-01  0.587638E-02  0.683645E-02
  0.727517E-02  0.570209E-02  0.107842E-01  0.183669E-01  0.782702E-02
  0.117464E-01  0.120218E-01  0.192943E-02  0.160125E-01  0.116914E-01
  0.148494E-01  0.160223E-01  0.124453E-01  0.246370E-01  0.167740E-01
  0.271987E-01  0.185452E-01  0.143296E-01  0.271237E-01  0.223650E-01
  0.115595E-01  0.289791E-01  0.116042E-01  0.245072E-01  0.232256E-01
  0.181253E-01  0.336265E-01  0.130531E-01  0.281505E-01  0.304386E-01
  0.297336E-01  0.311474E-01  0.287869E-01  0.404018E-01  0.334050E-01
  0.287370E-01  0.277260E-01  0.398583E-01  0.356955E-01  0.435081E-01
  0.433274E-01  0.361440E-01  0.476286E-01  0.341516E-01  0.485352E-01
  0.254651E-01  0.278229E-01  0.228381E-01  0.368877E-01  0.228545E-01
  0.347869E-01  0.269481E-01  0.305567E-01  0.309250E-01  0.314261E-01
  0.171856E-01  0.269112E-01  0.161252E-01  0.289687E-01  0.237161E-01
  0.198919E-01  0.232501E-01  0.175703E-01  0.208227E-01  0.182685E-01
  0.186992E-01  0.143826E-01  0.135383E-01  0.118834E-01  0.891046E-02
  0.698208E-02  0.463950E-02  0.407928E-02  0.114502E-02  0.114943E-02
 -0.603313E-03 -0.184802E-02 -0.280322E-02 -0.289760E-02 -0.339870E-02
 -0.172756E-02  0.462465E-02 -0.168057E-02 -0.323023E-02 -0.846133E-03
 -0.435862E-02 -0.436787E-02 -0.376808E-02 -0.161454E-02 -0.104251E-02
 -0.599903E-03  0.227690E-02  0.255961E-02  0.550536E-02  0.487263E-02
  0.398893E-02  0.956942E-02  0.601803E-02  0.591107E-02  0.145107E-01
  0.124998E-01  0.252577E-01  0.152862E-01  0.124935E-01  0.183538E-01
  0.211773E-01  0.138731E-01  0.965205E-02  0.992875E-02  0.115368E-01
  0.676834E-05  0.168175E-04  0.124231E-04  0.725307E-05 -0.580047E-05
  0.141158E-04 -0.653877E-05  0.249075E-05  0.270225E-05  0.113917E-04
 -0.766172E-05  0.127655E-04 -0.701150E-05 -0.795945E-06  0.498909E-06
 -0.192229E-05 -0.304736E-04 -0.239822E-05 -0.202543E-04 -0.735840E-04
 -0.158323E-04 -0.380715E-04 -0.196732E-04 -0.983599E-04 -0.222086E-04
 -0.346620E-04 -0.395421E-04 -0.425783E-04 -0.409908E-04 -0.848191E-04
 -0.597072E-04 -0.318038E-04 -0.449675E-04 -0.284102E-04 -0.771479E-04
 -0.545084E-04 -0.241916E-04 -0.105631E-03 -0.850589E-05 -0.671647E-04
 -0.109584E-03 -0.330228E-04 -0.681267E-04  0.480638E-04  0.411609E-04
 -0.554156E-04 -0.145905E-03 -0.425793E-04  0.412081E-05 -0.531521E-04
 -0.429299E-04 -0.847152E-04 -0.733220E-04  0.400378E-05 -0.389375E-04
 -0.530594E-04 -0.453187E-04 -0.912832E-04 -0.925075E-04 -0.730088E-04
 -0.134637E-03 -0.504638E-04 -0.744885E-04 -0.863052E-04 -0.604245E-04
 -0.760689E-04 -0.461511E-04 -0.962074E-05 -0.103495E-03 -0.100216E-03
 -0.502637E-04 -0.911048E-04 -0.801226E-04 -0.404825E-04 -0.907330E-04
 -0.842906E-04  0.321248E-04 -0.132109E-03 -0.952286E-04 -0.623406E-04
 -0.350869E-04 -0.121923E-03 -0.182232E-04 -0.133010E-03 -0.694689E-04
 -0.808331E-04 -0.164134E-03 -0.943838E-04 -0.307498E-04 -0.142034E-03
 -0.120789E-03 -0.171438E-03 -0.547503E-04 -0.208335E-04 -0.100356E-03
 -0.344324E-04 -0.155010E-03 -0.959915E-04 -0.111711E-03 -0.120239E-03
 -0.343461E-04 -0.139916E-03 -0.983279E-04 -0.684614E-04 -0.753999E-04
 -0.897345E-04 -0.121908E-03 -0.121123E-03 -0.803735E-04 -0.156931E-03
 -0.102295E-03 -0.656669E-04 -0.105838E-03 -0.101343E-03 -0.111466E-03
 -0.954350E-04 -0.625277E-04 -0.791796E-04 -0.913553E-04 -0.779995E-04
  0.801432E-06 -0.680987E-04 -0.387130E-04  0.494540E-04 -0.408797E-04
  0.235786E-04 -0.521802E-04 -0.428909E-04 -0.510800E-04 -0.656237E-04
 -0.603673E-04 -0.571917E-04 -0.994268E-05 -0.880330E-04 -0.464280E-04
 -0.581427E-04 -0.661838E-04 -0.358409E-04 -0.587810E-04 -0.401985E-04
 -0.482085E-04 -0.336188E-04 -0.187870E-04 -0.260653E-04 -0.379539E-04
 -0.173558E-04 -0.709069E-05 -0.229655E-04 -0.105744E-04 -0.127339E-04
 -0.119870E-05 -0.168394E-04 -0.148700E-04  0.270904E-05 -0.190656E-05
 -0.344939E-05 -0.271340E-05  0.808690E-05 -0.176087E-04 -0.112607E-04
 -0.511393E-05  0.980127E-05  0.650447E-05  0.290856E-05 -0.423905E-05
  0.646414E-05  0.477738E-05 -0.494974E-05 -0.131651E-05 -0.659013E-06
 -0.484649E-05 -0.135713E-04 -0.431705E-04 -0.591385E-05 -0.218480E-04
 -0.432904E-04 -0.301625E-04  0.170251E-06 -0.423291E-05 -0.593524E-05
 -0.647959E-04 -0.287879E-05 -0.145949E-04 -0.138885E-04 -0.106340E-04
 -0.342925E-04 -0.205021E-04 -0.733935E-04 -0.338664E-04 -0.299671E-04
 -0.343114E-04 -0.343547E-04 -0.529412E-04 -0.699126E-04 -0.383371E-04
 -0.372483E-04 -0.601839E-04  0.747956E-06 -0.735703E-04 -0.542357E-04
 -0.489474E-04 -0.744741E-04 -0.443801E-05 -0.986386E-04 -0.652886E-04
 -0.549452E-04 -0.788078E-04 -0.307348E-04 -0.113273E-03 -0.921011E-04
 -0.198494E-04 -0.124111E-03  0.179306E-04 -0.831491E-04 -0.904628E-04
 -0.684459E-04 -0.141466E-03  0.116827E-05 -0.713319E-04 -0.113781E-03
 -0.101545E-03 -0.788722E-04 -0.206667E-04 -0.162374E-03 -0.126983E-03
 -0.480664E-04 -0.103207E-03 -0.147482E-03 -0.918052E-04 -0.176532E-03
 -0.142826E-03 -0.763382E-04 -0.174901E-03 -0.428455E-06 -0.140427E-03
  0.371432E-04  0.729683E-04 -0.380361E-04 -0.853061E-04 -0.365877E-04
 -0.878956E-04 -0.925428E-04 -0.893479E-04 -0.541142E-04 -0.541400E-05
  0.414838E-05 -0.398451E-05 -0.296070E-04 -0.545357E-04 -0.283578E-04
 -0.171715E-04 -0.350848E-04 -0.369001E-04 -0.700483E-04 -0.765047E-04
 -0.670296E-04 -0.642480E-04 -0.613284E-04 -0.554313E-04 -0.462649E-04
 -0.381660E-04 -0.281709E-04 -0.268415E-04 -0.155365E-04 -0.145384E-04
 -0.871501E-05 -0.360994E-05  0.182018E-05  0.523800E-05  0.978562E-05
  0.157529E-04 -0.150204E-04 -0.169759E-05  0.132882E-04  0.316349E-05
  0.122967E-04  0.609033E-05  0.510042E-05  0.320862E-05 -0.550137E-05
 -0.726489E-05 -0.114912E-04 -0.119957E-04 -0.257501E-04  0.502589E-05
 -0.198734E-05  0.347853E-04 -0.113117E-04  0.285813E-04 -0.372668E-04
  0.106974E-04 -0.582864E-04  0.511898E-04 -0.307375E-04 -0.401957E-04
 -0.904940E-04 -0.592953E-04 -0.417356E-04 -0.372609E-04 -0.512118E-04
 -0.757138E-02 -0.965655E-02 -0.881903E-02 -0.867333E-02 -0.370868E-02
 -0.721386E-02 -0.335858E-02 -0.539237E-02 -0.296606E-02 -0.587431E-02
 -0.193857E-02 -0.117138E-02 -0.149602E-02 -0.311374E-03 -0.402054E-02
  0.144186E-03  0.540611E-02 -0.155481E-02  0.157427E-02  0.133637E-01
 -0.271890E-02  0.690026E-02 -0.772065E-05  0.198953E-01  0.318229E-02
  0.219939E-02  0.984206E-02  0.461033E-02  0.553553E-02  0.149209E-01
  0.911202E-02  0.695081E-02  0.891466E-02  0.221140E-02  0.122996E-01
  0.129176E-01  0.744490E-02  0.203809E-01  0.596024E-02  0.170717E-01
  0.231333E-01  0.127586E-01  0.222549E-01  0.165161E-01  0.141152E-01
  0.141205E-01  0.312464E-01  0.114009E-01  0.125887E-01  0.242817E-01
  0.145080E-01  0.224706E-01  0.150317E-01  0.173634E-01  0.103321E-01
  0.188548E-01  0.876447E-02  0.232671E-01  0.224921E-01  0.156975E-01
  0.285330E-01  0.106980E-01  0.214112E-01  0.210858E-01  0.164435E-01
  0.194515E-01  0.103679E-01  0.210266E-01  0.221964E-01  0.242619E-01
  0.204186E-01  0.261013E-01  0.212216E-01  0.181338E-01  0.270051E-01
  0.279945E-01  0.157253E-01  0.286579E-01  0.197824E-01  0.216519E-01
  0.282323E-01  0.312222E-01  0.201372E-01  0.370782E-01  0.241216E-01
  0.331194E-01  0.359488E-01  0.228541E-01  0.197151E-01  0.360452E-01
  0.352937E-01  0.457700E-01  0.269659E-01  0.386214E-01  0.272123E-01
  0.283314E-01  0.403707E-01  0.268264E-01  0.277293E-01  0.399804E-01
  0.258813E-01  0.346220E-01  0.266268E-01  0.325635E-01  0.262954E-01
  0.293995E-01  0.250941E-01  0.294293E-01  0.213015E-01  0.334670E-01
  0.236865E-01  0.215473E-01  0.232999E-01  0.196101E-01  0.258632E-01
  0.216376E-01  0.145068E-01  0.194476E-01  0.195932E-01  0.155114E-01
  0.197886E-01  0.174551E-01  0.196549E-01  0.168556E-01  0.186971E-01
  0.143132E-01  0.187366E-01  0.116607E-01  0.183220E-01  0.224222E-01
  0.136826E-01  0.161362E-01  0.131733E-01  0.149621E-01  0.110063E-01
  0.126772E-01  0.111216E-01  0.877621E-02  0.105100E-01  0.740604E-02
  0.104570E-01  0.563243E-02  0.468209E-02  0.513184E-02  0.653763E-02
  0.267187E-02  0.102782E-02  0.281640E-02  0.527621E-02 -0.107884E-03
  0.277282E-02  0.641904E-02  0.146566E-02 -0.141266E-02 -0.993439E-04
 -0.218465E-02 -0.498863E-02 -0.553928E-02  0.850180E-02  0.182832E-02
 -0.134098E-02 -0.692374E-02 -0.432120E-02 -0.588894E-02 -0.354155E-02
 -0.448098E-02 -0.422740E-02 -0.145566E-02 -0.386256E-03 -0.350144E-02
 -0.145397E-02  0.718656E-03  0.980461E-02 -0.938753E-03  0.398129E-02
  0.740693E-02  0.563582E-02 -0.156287E-02  0.600957E-02  0.215659E-02
  0.127726E-01  0.735507E-02  0.299487E-02  0.208886E-02  0.484514E-02
  0.103116E-01  0.240119E-02  0.178297E-01  0.469729E-02  0.118032E-01
  0.507373E-02  0.527559E-02  0.978534E-02  0.165197E-01  0.713369E-02
  0.108876E-01  0.103117E-01  0.976064E-02  0.131323E-01  0.965729E-02
  0.161174E-01  0.146954E-01  0.131166E-01  0.233106E-01  0.164812E-01
  0.295822E-01  0.167472E-01  0.185061E-01  0.237861E-01  0.223072E-01
  0.128462E-01  0.290314E-01  0.206101E-01  0.223124E-01  0.266469E-01
  0.229224E-01  0.333379E-01  0.209097E-01  0.278759E-01  0.311398E-01
  0.304518E-01  0.316995E-01  0.280884E-01  0.390242E-01  0.309029E-01
  0.293024E-01  0.333039E-01  0.367829E-01  0.364433E-01  0.411445E-01
  0.429317E-01  0.382283E-01  0.459134E-01  0.334932E-01  0.433861E-01
  0.296619E-01  0.330151E-01  0.259656E-01  0.294477E-01  0.205967E-01
  0.288899E-01  0.242770E-01  0.267219E-01  0.262777E-01  0.289880E-01
  0.155531E-01  0.260597E-01  0.145188E-01  0.272687E-01  0.239730E-01
  0.181055E-01  0.223818E-01  0.131612E-01  0.179658E-01  0.144406E-01
  0.154448E-01  0.120903E-01  0.126937E-01  0.105903E-01  0.695641E-02
  0.554290E-02  0.460248E-02  0.268930E-02  0.616200E-03  0.520204E-03
 -0.143629E-02 -0.229964E-02 -0.253714E-02 -0.141893E-02 -0.116153E-02
  0.159991E-02  0.343749E-02 -0.304178E-02 -0.311769E-02 -0.550747E-03
 -0.460075E-02 -0.554058E-02 -0.423564E-02 -0.269301E-02 -0.276701E-02
 -0.229723E-02 -0.386863E-04  0.690785E-03  0.269204E-02  0.297492E-02
  0.344801E-02  0.649717E-02  0.459574E-02  0.741978E-02  0.106149E-01
  0.100494E-01  0.176066E-01  0.127845E-01  0.123567E-01  0.176086E-01
  0.173113E-01  0.129847E-01  0.866327E-02  0.100121E-01  0.104611E-01
  0.155761E-04  0.199322E-04  0.205861E-04  0.133557E-04  0.531928E-06
  0.138123E-04 -0.219581E-05  0.670763E-05  0.352250E-05  0.105979E-04
 -0.777777E-05  0.748327E-05 -0.408417E-05 -0.646934E-05  0.892333E-05
 -0.715469E-05 -0.202058E-04  0.100394E-05 -0.129781E-04 -0.678496E-04
 -0.982740E-05 -0.258127E-04 -0.138876E-04 -0.916520E-04 -0.137653E-04
 -0.274891E-04 -0.297956E-04 -0.309610E-04 -0.314349E-04 -0.695694E-04
 -0.485906E-04 -0.197964E-04 -0.421078E-04 -0.102078E-04 -0.591018E-04
 -0.575259E-04 -0.238142E-04 -0.938445E-04 -0.881135E-05 -0.727762E-04
 -0.938556E-04 -0.448251E-04 -0.642161E-04 -0.101809E-04 -0.341398E-05
 -0.568083E-04 -0.104060E-03 -0.313635E-04  0.943297E-05 -0.630838E-04
 -0.325538E-04 -0.757472E-04 -0.397702E-04  0.285423E-04 -0.354879E-04
 -0.265962E-04 -0.269244E-04 -0.786328E-04 -0.874306E-04 -0.675151E-04
 -0.104598E-03 -0.306994E-04 -0.756058E-04 -0.760640E-04 -0.410053E-04
 -0.760541E-04 -0.336420E-04 -0.404879E-04 -0.958029E-04 -0.954010E-04
 -0.692117E-04 -0.829635E-04 -0.719307E-04 -0.222894E-04 -0.997277E-04
 -0.918040E-04  0.183089E-04 -0.128397E-03 -0.781068E-04 -0.723966E-04
 -0.669976E-04 -0.117024E-03 -0.435284E-04 -0.134246E-03 -0.552097E-04
 -0.108073E-03 -0.142866E-03 -0.874557E-04 -0.454538E-04 -0.136737E-03
 -0.124133E-03 -0.161340E-03 -0.753114E-04 -0.963080E-04 -0.789138E-04
 -0.736254E-04 -0.142968E-03 -0.995403E-04 -0.100002E-03 -0.131139E-03
 -0.712572E-04 -0.136973E-03 -0.106782E-03 -0.100973E-03 -0.748019E-04
 -0.998153E-04 -0.108673E-03 -0.111387E-03 -0.700902E-04 -0.145257E-03
 -0.936718E-04 -0.640521E-04 -0.999397E-04 -0.873898E-04 -0.935884E-04
 -0.760990E-04 -0.503121E-04 -0.720688E-04 -0.632858E-04 -0.493898E-04
 -0.961351E-05 -0.589351E-04 -0.368548E-04 -0.874701E-05 -0.209928E-04
 -0.125020E-04 -0.539426E-04 -0.172776E-04 -0.402745E-04 -0.371294E-04
 -0.275732E-04 -0.512105E-04 -0.169612E-04 -0.534664E-04 -0.264250E-04
 -0.258023E-04 -0.470294E-04 -0.259680E-04 -0.411320E-04 -0.380929E-04
 -0.271392E-04 -0.285055E-04 -0.120554E-04 -0.269437E-04 -0.161525E-04
 -0.156224E-04  0.214604E-04 -0.168236E-04 -0.139955E-04 -0.240303E-05
 -0.240743E-05 -0.176933E-04 -0.132320E-04  0.372593E-05 -0.211360E-05
 -0.845218E-06  0.618693E-05  0.153363E-04 -0.186053E-04 -0.453818E-05
  0.300043E-05  0.228743E-04  0.176703E-04  0.125151E-04  0.360808E-05
  0.978542E-05  0.934993E-05 -0.144987E-05 -0.249336E-05  0.478161E-05
 -0.456881E-06 -0.802792E-05 -0.348981E-04 -0.358018E-05 -0.225796E-04
 -0.361627E-04 -0.239749E-04  0.631971E-05 -0.146914E-04 -0.902397E-05
 -0.487825E-04 -0.113312E-04 -0.115007E-04 -0.478357E-05 -0.115148E-04
 -0.174843E-04 -0.931578E-05 -0.548314E-04 -0.196546E-04 -0.176976E-04
 -0.225215E-04 -0.208196E-04 -0.442539E-04 -0.457894E-04 -0.250256E-04
 -0.181667E-04 -0.496003E-04  0.340037E-04 -0.435679E-04 -0.421408E-04
 -0.513296E-04 -0.672334E-04 -0.166922E-04 -0.913237E-04 -0.625905E-04
 -0.868801E-04 -0.725983E-04 -0.372672E-04 -0.101025E-03 -0.746664E-04
 -0.219484E-04 -0.124321E-03 -0.249707E-04 -0.778446E-04 -0.104649E-03
 -0.728095E-04 -0.143012E-03 -0.388454E-04 -0.929845E-04 -0.126801E-03
 -0.116095E-03 -0.118421E-03 -0.625420E-04 -0.161895E-03 -0.115950E-03
 -0.848741E-04 -0.113164E-03 -0.141890E-03 -0.117764E-03 -0.171349E-03
 -0.159138E-03 -0.121933E-03 -0.179791E-03 -0.662146E-04 -0.130462E-03
 -0.362512E-04 -0.331548E-04 -0.729367E-04 -0.899107E-04 -0.510195E-04
 -0.887067E-04 -0.841403E-04 -0.937076E-04 -0.782755E-04 -0.623368E-04
 -0.335495E-04 -0.603083E-04 -0.425303E-04 -0.875583E-04 -0.694756E-04
 -0.455325E-04 -0.601200E-04 -0.459156E-04 -0.649906E-04 -0.585623E-04
 -0.548027E-04 -0.551935E-04 -0.575417E-04 -0.501311E-04 -0.391376E-04
 -0.354830E-04 -0.242695E-04 -0.238951E-04 -0.986990E-05 -0.141558E-04
 -0.641869E-05 -0.533686E-06  0.266174E-05  0.421913E-05  0.762258E-05
  0.663934E-05 -0.198178E-04  0.485831E-07  0.941572E-05  0.145150E-05
  0.102313E-04  0.125659E-04  0.109858E-04  0.380540E-05 -0.291411E-06
 -0.195913E-05 -0.775847E-05 -0.852351E-05 -0.197183E-04 -0.195146E-05
 -0.102986E-04  0.401290E-05 -0.771058E-05  0.176938E-05 -0.117988E-04
 -0.601955E-05 -0.274269E-04 -0.811047E-06 -0.388102E-04 -0.316483E-04
 -0.684840E-04 -0.507074E-04 -0.366275E-04 -0.359620E-04 -0.417409E-04
  0.000000E+00  0.100000E+02  0.200000E+02  0.300000E+02  0.400000E+02
  0.500000E+02  0.600000E+02  0.700000E+02  0.800000E+02  0.900000E+02
  0.100000E+03  0.110000E+03  0.120000E+03  0.130000E+03  0.140000E+03
  0.150000E+03  0.160000E+03  0.170000E+03  0.180000E+03  0.190000E+03
  0.200000E+03  0.210000E+03  0.220000E+03  0.230000E+03  0.240000E+03
  0.250000E+03  0.260000E+03  0.270000E+03  0.280000E+03  0.290000E+03
  0.300000E+03  0.310000E+03  0.320000E+03  0.330000E+03  0.340000E+03
  0.350000E+03  0.360000E+03  0.370000E+03  0.380000E+03  0.390000E+03
  0.400000E+03  0.410000E+03  0.420000E+03  0.430000E+03  0.440000E+03
  0.450000E+03  0.460000E+03  0.470000E+03  0.480000E+03  0.490000E+03
  0.500000E+03  0.510000E+03  0.520000E+03  0.530000E+03  0.540000E+03
  0.550000E+03  0.560000E+03  0.570000E+03  0.580000E+03  0.590000E+03
  0.600000E+03  0.610000E+03  0.620000E+03  0.630000E+03  0.640000E+03
  0.650000E+03  0.660000E+03  0.670000E+03  0.680000E+03  0.690000E+03
  0.700000E+03  0.710000E+03  0.720000E+03  0.730000E+03  0.740000E+03
  0.750000E+03  0.760000E+03  0.770000E+03  0.780000E+03  0.790000E+03
  0.800000E+03  0.810000E+03  0.820000E+03  0.830000E+03  0.840000E+03
  0.850000E+03  0.860000E+03  0.870000E+03  0.880000E+03  0.890000E+03
  0.900000E+03  0.910000E+03  0.920000E+03  0.930000E+03  0.940000E+03
  0.950000E+03  0.960000E+03  0.970000E+03  0.980000E+03  0.990000E+03
  0.100000E+04  0.101000E+04  0.102000E+04  0.103000E+04  0.104000E+04
  0.105000E+04  0.106000E+04  0.107000E+04  0.108000E+04  0.109000E+04
  0.110000E+04  0.111000E+04  0.112000E+04  0.113000E+04  0.114000E+04
  0.115000E+04  0.116000E+04  0.117000E+04  0.118000E+04  0.119000E+04
  0.120000E+04  0.121000E+04  0.122000E+04  0.123000E+04  0.124000E+04
  0.125000E+04  0.126000E+04  0.127000E+04  0.128000E+04  0.129000E+04
  0.130000E+04  0.131000E+04  0.132000E+04  0.133000E+04  0.134000E+04
  0.135000E+04  0.136000E+04  0.137000E+04  0.138000E+04  0.139000E+04
  0.140000E+04  0.141000E+04  0.142000E+04  0.143000E+04  0.144000E+04
  0.145000E+04  0.146000E+04  0.147000E+04  0.148000E+04  0.149000E+04
  0.150000E+04  0.151000E+04  0.152000E+04  0.153000E+04  0.154000E+04
  0.155000E+04  0.156000E+04  0.157000E+04  0.158000E+04  0.159000E+04
  0.160000E+04  0.161000E+04  0.162000E+04  0.163000E+04  0.164000E+04
  0.165000E+04  0.166000E+04  0.167000E+04  0.168000E+04  0.169000E+04
  0.170000E+04  0.171000E+04  0.172000E+04  0.173000E+04  0.174000E+04
  0.175000E+04  0.176000E+04  0.177000E+04  0.178000E+04  0.179000E+04
  0.180000E+04  0.181000E+04  0.182000E+04  0.183000E+04  0.184000E+04
  0.185000E+04  0.186000E+04  0.187000E+04  0.188000E+04  0.189000E+04
  0.190000E+04  0.191000E+04  0.192000E+04  0.193000E+04  0.194000E+04
  0.195000E+04  0.196000E+04  0.197000E+04  0.198000E+04  0.199000E+04
  0.200000E+04  0.201000E+04  0.202000E+04  0.203000E+04  0.204000E+04
  0.205000E+04  0.206000E+04  0.207000E+04  0.208000E+04  0.209000E+04
  0.210000E+04  0.211000E+04  0.212000E+04  0.213000E+04  0.214000E+04
  0.215000E+04  0.216000E+04  0.217000E+04  0.218000E+04  0.219000E+04
  0.220000E+04  0.221000E+04  0.222000E+04  0.223000E+04  0.224000E+04
  0.225000E+04  0.226000E+04  0.227000E+04  0.228000E+04  0.229000E+04
  0.230000E+04  0.231000E+04  0.232000E+04  0.233000E+04  0.234000E+04
  0.235000E+04  0.236000E+04  0.237000E+04  0.238000E+04  0.239000E+04
  0.240000E+04  0.241000E+04  0.242000E+04  0.243000E+04  0.244000E+04
  0.245000E+04  0.246000E+04  0.247000E+04  0.248000E+04  0.249000E+04
  0.250000E+04  0.251000E+04  0.252000E+04  0.253000E+04  0.254000E+04
  0.255000E+04  0.256000E+04  0.257000E+04  0.258000E+04  0.259000E+04
  0.260000E+04  0.261000E+04  0.262000E+04  0.263000E+04  0.264000E+04
  0.265000E+04  0.266000E+04  0.267000E+04  0.268000E+04  0.269000E+04
  0.270000E+04  0.271000E+04  0.272000E+04  0.273000E+04  0.274000E+04
  0.275000E+04  0.276000E+04  0.277000E+04  0.278000E+04  0.279000E+04
  0.280000E+04  0.281000E+04  0.282000E+04  0.283000E+04  0.284000E+04
  0.285000E+04  0.286000E+04  0.287000E+04  0.288000E+04  0.289000E+04
  0.290000E+04  0.291000E+04  0.292000E+04  0.293000E+04  0.294000E+04
  0.295000E+04  0.296000E+04  0.297000E+04  0.298000E+04  0.299000E+04
  0.100000E+02  0.200000E+02  0.300000E+02  0.400000E+02  0.500000E+02
  0.600000E+02  0.700000E+02  0.800000E+02  0.900000E+02  0.100000E+03
  0.110000E+03  0.120000E+03  0.130000E+03  0.140000E+03  0.150000E+03
  0.160000E+03  0.170000E+03  0.180000E+03  0.190000E+03  0.200000E+03
  0.210000E+03  0.220000E+03  0.230000E+03  0.240000E+03  0.250000E+03
  0.260000E+03  0.270000E+03  0.280000E+03  0.290000E+03  0.300000E+03
  0.310000E+03  0.320000E+03  0.330000E+03  0.340000E+03  0.350000E+03
  0.360000E+03  0.370000E+03  0.380000E+03  0.390000E+03  0.400000E+03
  0.410000E+03  0.420000E+03  0.430000E+03  0.440000E+03  0.450000E+03
  0.460000E+03  0.470000E+03  0.480000E+03  0.490000E+03  0.500000E+03
  0.510000E+03  0.520000E+03  0.530000E+03  0.540000E+03  0.550000E+03
  0.560000E+03  0.570000E+03  0.580000E+03  0.590000E+03  0.600000E+03
  0.610000E+03  0.620000E+03  0.630000E+03  0.640000E+03  0.650000E+03
  0.660000E+03  0.670000E+03  0.680000E+03  0.690000E+03  0.700000E+03
  0.710000E+03  0.720000E+03  0.730000E+03  0.740000E+03  0.750000E+03
  0.760000E+03  0.770000E+03  0.780000E+03  0.790000E+03  0.800000E+03
  0.810000E+03  0.820000E+03  0.830000E+03  0.840000E+03  0.850000E+03
  0.860000E+03  0.870000E+03  0.880000E+03  0.890000E+03  0.900000E+03
  0.910000E+03  0.920000E+03  0.930000E+03  0.940000E+03  0.950000E+03
  0.960000E+03  0.970000E+03  0.980000E+03  0.990000E+03  0.100000E+04
  0.101000E+04  0.102000E+04  0.103000E+04  0.104000E+04  0.105000E+04
  0.106000E+04  0.107000E+04  0.108000E+04  0.109000E+04  0.110000E+04
  0.111000E+04  0.112000E+04  0.113000E+04  0.114000E+04  0.115000E+04
  0.116000E+04  0.117000E+04  0.118000E+04  0.119000E+04  0.120000E+04
  0.121000E+04  0.122000E+04  0.123000E+04  0.124000E+04  0.125000E+04
  0.126000E+04  0.127000E+04  0.128000E+04  0.129000E+04  0.130000E+04
  0.131000E+04  0.132000E+04  0.133000E+04  0.134000E+04  0.135000E+04
  0.136000E+04  0.137000E+04  0.138000E+04  0.139000E+04  0.140000E+04
  0.141000E+04  0.142000E+04  0.143000E+04  0.144000E+04  0.145000E+04
  0.146000E+04  0.147000E+04  0.148000E+04  0.149000E+04  0.150000E+04
  0.151000E+04  0.152000E+04  0.153000E+04  0.154000E+04  0.155000E+04
  0.156000E+04  0.157000E+04  0.158000E+04  0.159000E+04  0.160000E+04
  0.161000E+04  0.162000E+04  0.163000E+04  0.164000E+04  0.165000E+04
  0.166000E+04  0.167000E+04  0.168000E+04  0.169000E+04  0.170000E+04
  0.171000E+04  0.172000E+04  0.173000E+04  0.174000E+04  0.175000E+04
  0.176000E+04  0.177000E+04  0.178000E+04  0.179000E+04  0.180000E+04
  0.181000E+04  0.182000E+04  0.183000E+04  0.184000E+04  0.185000E+04
  0.186000E+04  0.187000E+04  0.188000E+04  0.189000E+04  0.190000E+04
  0.191000E+04  0.192000E+04  0.193000E+04  0.194000E+04  0.195000E+04
  0.196000E+04  0.197000E+04  0.198000E+04  0.199000E+04  0.200000E+04
  0.201000E+04  0.202000E+04  0.203000E+04  0.204000E+04  0.205000E+04
  0.206000E+04  0.207000E+04  0.208000E+04  0.209000E+04  0.210000E+04
  0.211000E+04  0.212000E+04  0.213000E+04  0.214000E+04  0.215000E+04
  0.216000E+04  0.217000E+04  0.218000E+04  0.219000E+04  0.220000E+04
  0.221000E+04  0.222000E+04  0.223000E+04  0.224000E+04  0.225000E+04
  0.226000E+04  0.227000E+04  0.228000E+04  0.229000E+04  0.230000E+04
  0.231000E+04  0.232000E+04  0.233000E+04  0.234000E+04  0.235000E+04
  0.236000E+04  0.237000E+04  0.238000E+04  0.239000E+04  0.240000E+04
  0.241000E+04  0.242000E+04  0.243000E+04  0.244000E+04  0.245000E+04
  0.246000E+04  0.247000E+04  0.248000E+04  0.249000E+04  0.250000E+04
  0.251000E+04  0.252000E+04  0.253000E+04  0.254000E+04  0.255000E+04
  0.256000E+04  0.257000E+04  0.258000E+04  0.259000E+04  0.260000E+04
  0.261000E+04  0.262000E+04  0.263000E+04  0.264000E+04  0.265000E+04
  0.266000E+04  0.267000E+04  0.268000E+04  0.269000E+04  0.270000E+04
  0.271000E+04  0.272000E+04  0.273000E+04  0.274000E+04  0.275000E+04
  0.276000E+04  0.277000E+04  0.278000E+04  0.279000E+04  0.280000E+04
  0.281000E+04  0.282000E+04  0.283000E+04  0.284000E+04  0.285000E+04
  0.286000E+04  0.287000E+04  0.288000E+04  0.289000E+04  0.290000E+04
  0.291000E+04  0.292000E+04  0.293000E+04  0.294000E+04  0.295000E+04
  0.296000E+04  0.297000E+04  0.298000E+04  0.299000E+04  0.300000E+04
