    0.0000000000E+00    0.1869460000E+03    0.1869460000E+03    0.1869460000E+03
    0.1000000000E-05    0.1869460000E+03    0.1869460000E+03    0.1869460000E+03
    0.1079775162E-05    0.1869460000E+03    0.1869460000E+03    0.1869460000E+03
    0.1165914401E-05    0.1869460000E+03    0.1869460000E+03    0.1869460000E+03
    0.1258925412E-05    0.1869460000E+03    0.1869460000E+03    0.1869460000E+03
    0.1359356391E-05    0.1869460000E+03    0.1869460000E+03    0.1869460000E+03
    0.1467799268E-05    0.1869460000E+03    0.1869460000E+03    0.1869460000E+03
    0.1584893192E-05    0.1869460000E+03    0.1869460000E+03    0.1869460000E+03
    0.1711328304E-05    0.1869460000E+03    0.1869460000E+03    0.1869460000E+03
    0.1847849797E-05    0.1869460000E+03    0.1869460000E+03    0.1869460000E+03
    0.1995262315E-05    0.1869460000E+03    0.1869460000E+03    0.1869460000E+03
    0.2154434690E-05    0.1869460000E+03    0.1869460000E+03    0.1869460000E+03
    0.2326305067E-05    0.1869460000E+03    0.1869460000E+03    0.1869460000E+03
    0.2511886432E-05    0.1869460000E+03    0.1869460000E+03    0.1869460000E+03
    0.2712272579E-05    0.1869460000E+03    0.1869460000E+03    0.1869460000E+03
    0.2928644565E-05    0.1869460000E+03    0.1869460000E+03    0.1869460000E+03
    0.3162277660E-05    0.1869460000E+03    0.1869460000E+03    0.1869460000E+03
    0.3414548874E-05    0.1869460000E+03    0.1869460000E+03    0.1869460000E+03
    0.3686945065E-05    0.1869460000E+03    0.1869460000E+03    0.1869460000E+03
    0.3981071706E-05    0.1869460000E+03    0.1869460000E+03    0.1869460000E+03
    0.4298662347E-05    0.1869460000E+03    0.1869460000E+03    0.1869460000E+03
    0.4641588834E-05    0.1869460000E+03    0.1869460000E+03    0.1869460000E+03
    0.5011872336E-05    0.1869460000E+03    0.1869460000E+03    0.1869460000E+03
    0.5411695265E-05    0.1869460000E+03    0.1869460000E+03    0.1869460000E+03
    0.5843414134E-05    0.1869460000E+03    0.1869460000E+03    0.1869460000E+03
    0.6309573445E-05    0.1869460000E+03    0.1869460000E+03    0.1869460000E+03
    0.6812920691E-05    0.1869460000E+03    0.1869460000E+03    0.1869460000E+03
    0.7356422545E-05    0.1869460000E+03    0.1869460000E+03    0.1869460000E+03
    0.7943282347E-05    0.1869460000E+03    0.1869460000E+03    0.1869460000E+03
    0.8576958986E-05    0.1869460000E+03    0.1869460000E+03    0.1869460000E+03
    0.9261187281E-05    0.1869460000E+03    0.1869460000E+03    0.1869460000E+03
    0.1000000000E-04    0.1869460000E+03    0.1869460000E+03    0.1869460000E+03
    0.1079775162E-04    0.1869460000E+03    0.1869460000E+03    0.1869460000E+03
    0.1165914401E-04    0.1869460000E+03    0.1869460000E+03    0.1869460000E+03
    0.1258925412E-04    0.1869460000E+03    0.1869460000E+03    0.1869460000E+03
    0.1359356391E-04    0.1869460000E+03    0.1869460000E+03    0.1869460000E+03
    0.1467799268E-04    0.1869460000E+03    0.1869460000E+03    0.1869460000E+03
    0.1584893192E-04    0.1869460000E+03    0.1869460000E+03    0.1869460000E+03
    0.1711328304E-04    0.1869460000E+03    0.1869460000E+03    0.1869460000E+03
    0.1847849797E-04    0.1869460000E+03    0.1869460000E+03    0.1869460000E+03
    0.1995262315E-04    0.1869460000E+03    0.1869460000E+03    0.1869460000E+03
    0.2154434690E-04    0.1869460000E+03    0.1869460000E+03    0.1869460000E+03
    0.2326305067E-04    0.1869460000E+03    0.1869460000E+03    0.1869460000E+03
    0.2511886432E-04    0.1869460000E+03    0.1869460000E+03    0.1869460000E+03
    0.2712272579E-04    0.1869460000E+03    0.1869460000E+03    0.1869460000E+03
    0.2928644565E-04    0.1869460000E+03    0.1869460000E+03    0.1869460000E+03
    0.3162277660E-04    0.1869460000E+03    0.1869460000E+03    0.1869460000E+03
    0.3414548874E-04    0.1869460000E+03    0.1869460000E+03    0.1869460000E+03
    0.3686945065E-04    0.1869460000E+03    0.1869460000E+03    0.1869460000E+03
    0.3981071706E-04    0.1869460000E+03    0.1869460000E+03    0.1869460000E+03
    0.4298662347E-04    0.1869460000E+03    0.1869460000E+03    0.1869460000E+03
    0.4641588834E-04    0.1869460000E+03    0.1869460000E+03    0.1869460000E+03
    0.5011872336E-04    0.1869460000E+03    0.1869460000E+03    0.1869460000E+03
    0.5411695265E-04    0.1869460000E+03    0.1869460000E+03    0.1869460000E+03
    0.5843414134E-04    0.1869460000E+03    0.1869460000E+03    0.1869460000E+03
    0.6309573445E-04    0.1869460000E+03    0.1869460000E+03    0.1869460000E+03
    0.6812920691E-04    0.1869460000E+03    0.1869460000E+03    0.1869460000E+03
    0.7356422545E-04    0.1869460000E+03    0.1869460000E+03    0.1869460000E+03
    0.7943282347E-04    0.1869460000E+03    0.1869460000E+03    0.1869460000E+03
    0.8576958986E-04    0.1869460000E+03    0.1869460000E+03    0.1869460000E+03
    0.9261187281E-04    0.1869460000E+03    0.1869460000E+03    0.1869460000E+03
    0.1000000000E-03    0.1869460000E+03    0.1869460000E+03    0.1869460000E+03
    0.1079775162E-03    0.1869460000E+03    0.1869460000E+03    0.1869460000E+03
    0.1165914401E-03    0.1869460000E+03    0.1869460000E+03    0.1869460000E+03
    0.1258925412E-03    0.1869460000E+03    0.1869460000E+03    0.1869460000E+03
    0.1359356391E-03    0.1869460000E+03    0.1869460000E+03    0.1869460000E+03
    0.1467799268E-03    0.1869460000E+03    0.1869460000E+03    0.1869460000E+03
    0.1584893192E-03    0.1869460000E+03    0.1869460000E+03    0.1869460000E+03
    0.1711328304E-03    0.1869460000E+03    0.1869460000E+03    0.1869460000E+03
    0.1847849797E-03    0.1869460000E+03    0.1869460000E+03    0.1869460000E+03
    0.1995262315E-03    0.1869460000E+03    0.1869460000E+03    0.1869460000E+03
    0.2154434690E-03    0.1869460000E+03    0.1869460000E+03    0.1869460000E+03
    0.2326305067E-03    0.1869460000E+03    0.1869460000E+03    0.1869460000E+03
    0.2511886432E-03    0.1869460000E+03    0.1869460000E+03    0.1869460000E+03
    0.2712272579E-03    0.1869460000E+03    0.1869460000E+03    0.1869460000E+03
    0.2928644565E-03    0.1869460000E+03    0.1869460000E+03    0.1869460000E+03
    0.3162277660E-03    0.1869460000E+03    0.1869460000E+03    0.1869460000E+03
    0.3414548874E-03    0.1869460000E+03    0.1869460000E+03    0.1869460000E+03
    0.3686945065E-03    0.1869460000E+03    0.1869460000E+03    0.1869460000E+03
    0.3981071706E-03    0.1869460000E+03    0.1869460000E+03    0.1869460000E+03
    0.4298662347E-03    0.1869460000E+03    0.1869460000E+03    0.1869460000E+03
    0.4641588834E-03    0.1869460000E+03    0.1869460000E+03    0.1869460000E+03
    0.5011872336E-03    0.1869460000E+03    0.1869460000E+03    0.1869460000E+03
    0.5411695265E-03    0.1869460000E+03    0.1869460000E+03    0.1869460000E+03
    0.5843414134E-03    0.1869460000E+03    0.1869460000E+03    0.1869460000E+03
    0.6309573445E-03    0.1869460000E+03    0.1869460000E+03    0.1869460000E+03
    0.6812920691E-03    0.1869460000E+03    0.1869460000E+03    0.1869460000E+03
    0.7356422545E-03    0.1869460000E+03    0.1869460000E+03    0.1869460000E+03
    0.7943282347E-03    0.1869460001E+03    0.1869460000E+03    0.1869460001E+03
    0.8576958986E-03    0.1869460002E+03    0.1869460001E+03    0.1869460002E+03
    0.9261187281E-03    0.1869460004E+03    0.1869460002E+03    0.1869460004E+03
    0.1000000000E-02    0.1869460008E+03    0.1869460005E+03    0.1869460009E+03
    0.1079775162E-02    0.1869460019E+03    0.1869460013E+03    0.1869460020E+03
    0.1165914401E-02    0.1869460045E+03    0.1869460029E+03    0.1869460046E+03
    0.1258925412E-02    0.1869460103E+03    0.1869460067E+03    0.1869460106E+03
    0.1359356391E-02    0.1869460239E+03    0.1869460156E+03    0.1869460246E+03
    0.1467799268E-02    0.1869460554E+03    0.1869460361E+03    0.1869460569E+03
    0.1584893192E-02    0.1869461284E+03    0.1869460837E+03    0.1869461318E+03
    0.1711328304E-02    0.1869462974E+03    0.1869461938E+03    0.1869463054E+03
    0.1847849797E-02    0.1869466888E+03    0.1869464490E+03    0.1869467072E+03
    0.1995262315E-02    0.1869475947E+03    0.1869470397E+03    0.1869476374E+03
    0.2154434690E-02    0.1869496901E+03    0.1869484066E+03    0.1869497885E+03
    0.2326305067E-02    0.1869545272E+03    0.1869515660E+03    0.1869547529E+03
    0.2511886432E-02    0.1869656437E+03    0.1869588465E+03    0.1869661542E+03
    0.2712272579E-02    0.1869909337E+03    0.1869755122E+03    0.1869920543E+03
    0.2928644565E-02    0.1870471933E+03    0.1870130925E+03    0.1870494967E+03
    0.3162277660E-02    0.1871666148E+03    0.1870951251E+03    0.1871707554E+03
    0.3414548874E-02    0.1873987416E+03    0.1872629184E+03    0.1874045884E+03
    0.3686945065E-02    0.1877919490E+03    0.1875695453E+03    0.1877977010E+03
    0.3981071706E-02    0.1883561804E+03    0.1880487889E+03    0.1883597397E+03
    0.4298662347E-02    0.1890537556E+03    0.1886849679E+03    0.1890547242E+03
    0.4641588834E-02    0.1898327791E+03    0.1894284403E+03    0.1898319598E+03
    0.5011872336E-02    0.1906550282E+03    0.1902322646E+03    0.1906532497E+03
    0.5411695265E-02    0.1914993716E+03    0.1910671525E+03    0.1914971338E+03
    0.5843414134E-02    0.1923556530E+03    0.1919181765E+03    0.1923532036E+03
    0.6309573445E-02    0.1932193083E+03    0.1927784366E+03    0.1932167603E+03
    0.6812920691E-02    0.1940883558E+03    0.1936448914E+03    0.1940857588E+03
    0.7356422545E-02    0.1949619541E+03    0.1945162357E+03    0.1949593296E+03
    0.7943282347E-02    0.1958397554E+03    0.1953919215E+03    0.1958371123E+03
    0.8576958986E-02    0.1967216226E+03    0.1962717265E+03    0.1967189647E+03
    0.9261187281E-02    0.1976075084E+03    0.1971555673E+03    0.1976048373E+03
    0.1000000000E-01    0.1984974033E+03    0.1980434191E+03    0.1984947197E+03
    0.1079775162E-01    0.1993913140E+03    0.1989352820E+03    0.1993886181E+03
    0.1165914401E-01    0.2002892538E+03    0.1998311666E+03    0.2002865457E+03
    0.1258925412E-01    0.2011912389E+03    0.2007310882E+03    0.2011885186E+03
    0.1359356391E-01    0.2020972871E+03    0.2016350636E+03    0.2020945546E+03
    0.1467799268E-01    0.2030074172E+03    0.2025431112E+03    0.2030046724E+03
    0.1584893192E-01    0.2039216492E+03    0.2034552502E+03    0.2039188922E+03
    0.1711328304E-01    0.2048400063E+03    0.2043715020E+03    0.2048372374E+03
    0.1847849797E-01    0.2057625193E+03    0.2052918926E+03    0.2057597390E+03
    0.1995262315E-01    0.2066892379E+03    0.2062164599E+03    0.2066864479E+03
    0.2154434690E-01    0.2076202602E+03    0.2071452717E+03    0.2076174649E+03
    0.2326305067E-01    0.2085558083E+03    0.2080784727E+03    0.2085530190E+03
    0.2511886432E-01    0.2094964235E+03    0.2090164047E+03    0.2094936694E+03
    0.2712272579E-01    0.2104434610E+03    0.2099599153E+03    0.2104408154E+03
    0.2928644565E-01    0.2114003108E+03    0.2109111335E+03    0.2113979482E+03
    0.3162277660E-01    0.2123751399E+03    0.2118753178E+03    0.2123734173E+03
    0.3414548874E-01    0.2133855996E+03    0.2128646322E+03    0.2133849820E+03
    0.3686945065E-01    0.2144611143E+03    0.2139028375E+03    0.2144614792E+03
    0.3981071706E-01    0.2156289410E+03    0.2150215008E+03    0.2156289347E+03
    0.4298662347E-01    0.2168876837E+03    0.2162363052E+03    0.2168861719E+03
    0.4641588834E-01    0.2182096341E+03    0.2175300318E+03    0.2182068010E+03
    0.5011872336E-01    0.2195674802E+03    0.2188722818E+03    0.2195639250E+03
    0.5411695265E-01    0.2209456177E+03    0.2202413683E+03    0.2209417338E+03
    0.5843414134E-01    0.2223370765E+03    0.2216265690E+03    0.2223330462E+03
    0.6309573445E-01    0.2237390784E+03    0.2230234006E+03    0.2237349760E+03
    0.6812920691E-01    0.2251505877E+03    0.2244301374E+03    0.2251464419E+03
    0.7356422545E-01    0.2265712489E+03    0.2258461576E+03    0.2265670705E+03
    0.7943282347E-01    0.2280009652E+03    0.2272712634E+03    0.2279967580E+03
    0.8576958986E-01    0.2294397366E+03    0.2287054173E+03    0.2294355019E+03
    0.9261187281E-01    0.2308875991E+03    0.2301486414E+03    0.2308833374E+03
    0.1000000000E+00    0.2323446027E+03    0.2316009801E+03    0.2323403140E+03
    0.1079775162E+00    0.2338108021E+03    0.2330624864E+03    0.2338064863E+03
    0.1165914401E+00    0.2352862544E+03    0.2345332163E+03    0.2352819114E+03
    0.1258925412E+00    0.2367710178E+03    0.2360132275E+03    0.2367666473E+03
    0.1359356391E+00    0.2382651507E+03    0.2375025784E+03    0.2382607526E+03
    0.1467799268E+00    0.2397687123E+03    0.2390013279E+03    0.2397642865E+03
    0.1584893192E+00    0.2412817621E+03    0.2405095351E+03    0.2412773083E+03
    0.1711328304E+00    0.2428043599E+03    0.2420272598E+03    0.2427998780E+03
    0.1847849797E+00    0.2443365660E+03    0.2435545620E+03    0.2443320559E+03
    0.1995262315E+00    0.2458784410E+03    0.2450915022E+03    0.2458739024E+03
    0.2154434690E+00    0.2474300459E+03    0.2466381412E+03    0.2474254786E+03
    0.2326305067E+00    0.2489914420E+03    0.2481945401E+03    0.2489868459E+03
    0.2511886432E+00    0.2505626908E+03    0.2497607604E+03    0.2505580657E+03
    0.2712272579E+00    0.2521438538E+03    0.2513368636E+03    0.2521391994E+03
    0.2928644565E+00    0.2537349910E+03    0.2529229107E+03    0.2537303069E+03
    0.3162277660E+00    0.2553361573E+03    0.2545189600E+03    0.2553314429E+03
    0.3414548874E+00    0.2569473909E+03    0.2561250606E+03    0.2569426438E+03
    0.3686945065E+00    0.2585686738E+03    0.2577412312E+03    0.2585638875E+03
    0.3981071706E+00    0.2601998060E+03    0.2593673907E+03    0.2601949594E+03
    0.4298662347E+00    0.2618399911E+03    0.2610031321E+03    0.2618350152E+03
    0.4641588834E+00    0.2634864770E+03    0.2626469809E+03    0.2634811472E+03
    0.5011872336E+00    0.2651301408E+03    0.2642939658E+03    0.2651237430E+03
    0.5411695265E+00    0.2667418679E+03    0.2659278598E+03    0.2667323656E+03
    0.5843414134E+00    0.2682378284E+03    0.2674987322E+03    0.2682212915E+03
    0.6309573445E+00    0.2694389475E+03    0.2688777613E+03    0.2694153060E+03
    0.6812920691E+00    0.2701689638E+03    0.2698589511E+03    0.2701496850E+03
    0.7356422545E+00    0.2704858032E+03    0.2703633639E+03    0.2704765687E+03
    0.7943282347E+00    0.2705875218E+03    0.2705523962E+03    0.2705836309E+03
    0.8576958986E+00    0.2705917925E+03    0.2705990262E+03    0.2705884062E+03
    0.9261187281E+00    0.2705044334E+03    0.2705640655E+03    0.2704971691E+03
    0.1000000000E+01    0.2702208025E+03    0.2704010835E+03    0.2702056066E+03
    0.1079775162E+01    0.2695443518E+03    0.2699496887E+03    0.2695263883E+03
    0.1165914401E+01    0.2683892806E+03    0.2690318163E+03    0.2683802895E+03
    0.1258925412E+01    0.2669153831E+03    0.2676925108E+03    0.2669152372E+03
    0.1359356391E+01    0.2653108420E+03    0.2661370155E+03    0.2653146449E+03
    0.1467799268E+01    0.2636686820E+03    0.2645073352E+03    0.2636738065E+03
    0.1584893192E+01    0.2620218649E+03    0.2628607325E+03    0.2620273781E+03
    0.1711328304E+01    0.2603807876E+03    0.2612160700E+03    0.2603863950E+03
    0.1847849797E+01    0.2587485967E+03    0.2595791546E+03    0.2587542083E+03
    0.1995262315E+01    0.2571262091E+03    0.2579517169E+03    0.2571317976E+03
    0.2154434690E+01    0.2555138615E+03    0.2563342418E+03    0.2555194187E+03
    0.2326305067E+01    0.2539115831E+03    0.2547268342E+03    0.2539171066E+03
    0.2511886432E+01    0.2523193393E+03    0.2531294828E+03    0.2523248285E+03
    0.2712272579E+01    0.2507370761E+03    0.2515421409E+03    0.2507425311E+03
    0.2928644565E+01    0.2491647341E+03    0.2499647507E+03    0.2491701549E+03
    0.3162277660E+01    0.2476022521E+03    0.2483972518E+03    0.2476076390E+03
    0.3414548874E+01    0.2460495697E+03    0.2468395831E+03    0.2460549229E+03
    0.3686945065E+01    0.2445066288E+03    0.2452916850E+03    0.2445119488E+03
    0.3981071706E+01    0.2429733778E+03    0.2437535018E+03    0.2429786654E+03
    0.4298662347E+01    0.2414497838E+03    0.2422249887E+03    0.2414550412E+03
    0.4641588834E+01    0.2399358676E+03    0.2407061323E+03    0.2399411003E+03
    0.5011872336E+01    0.2384318039E+03    0.2391970089E+03    0.2384370279E+03
    0.5411695265E+01    0.2369382075E+03    0.2376979533E+03    0.2369434673E+03
    0.5843414134E+01    0.2354569351E+03    0.2362100330E+03    0.2354623538E+03
    0.6309573445E+01    0.2339932738E+03    0.2347363681E+03    0.2339991782E+03
    0.6812920691E+01    0.2325615124E+03    0.2332856368E+03    0.2325686749E+03
    0.7356422545E+01    0.2311966493E+03    0.2318804073E+03    0.2312063833E+03
    0.7943282347E+01    0.2299669197E+03    0.2305712917E+03    0.2299796607E+03
    0.8576958986E+01    0.2289510783E+03    0.2294388144E+03    0.2289636563E+03
    0.9261187281E+01    0.2281609795E+03    0.2285386740E+03    0.2281696500E+03
    0.1000000000E+02    0.2275251785E+03    0.2278354287E+03    0.2275301325E+03
    0.1079775162E+02    0.2269656724E+03    0.2272448013E+03    0.2269686575E+03
    0.1165914401E+02    0.2264380663E+03    0.2267045346E+03    0.2264402295E+03
    0.1258925412E+02    0.2259232308E+03    0.2261846121E+03    0.2259250797E+03
    0.1359356391E+02    0.2254138031E+03    0.2256729579E+03    0.2254155342E+03
    0.1467799268E+02    0.2249070643E+03    0.2251650423E+03    0.2249087503E+03
    0.1584893192E+02    0.2244020234E+03    0.2246592065E+03    0.2244036906E+03
    0.1711328304E+02    0.2238983196E+03    0.2241548470E+03    0.2238999776E+03
    0.1847849797E+02    0.2233958203E+03    0.2236517434E+03    0.2233974727E+03
    0.1995262315E+02    0.2228944765E+03    0.2231498144E+03    0.2228961245E+03
    0.2154434690E+02    0.2223942696E+03    0.2226490294E+03    0.2223959138E+03
    0.2326305067E+02    0.2218951945E+03    0.2221493776E+03    0.2218968352E+03
    0.2511886432E+02    0.2213972555E+03    0.2216508583E+03    0.2213988934E+03
    0.2712272579E+02    0.2209004747E+03    0.2211534829E+03    0.2209021114E+03
    0.2928644565E+02    0.2204049171E+03    0.2206572893E+03    0.2204065566E+03
    0.3162277660E+02    0.2199107615E+03    0.2201623847E+03    0.2199124146E+03
    0.3414548874E+02    0.2194184886E+03    0.2196690602E+03    0.2194201838E+03
    0.3686945065E+02    0.2189293738E+03    0.2191780928E+03    0.2189311847E+03
    0.3981071706E+02    0.2184467381E+03    0.2186915282E+03    0.2184488464E+03
    0.4298662347E+02    0.2179788908E+03    0.2182146117E+03    0.2179816919E+03
    0.4641588834E+02    0.2175447172E+03    0.2177599940E+03    0.2175488144E+03
    0.5011872336E+02    0.2171784829E+03    0.2173540149E+03    0.2171839901E+03
    0.5411695265E+02    0.2169176823E+03    0.2170359102E+03    0.2169231167E+03
    0.5843414134E+02    0.2167684304E+03    0.2168319977E+03    0.2167720604E+03
    0.6309573445E+02    0.2166980770E+03    0.2167266928E+03    0.2166998825E+03
    0.6812920691E+02    0.2166687068E+03    0.2166803641E+03    0.2166694730E+03
    0.7356422545E+02    0.2166571489E+03    0.2166616874E+03    0.2166574520E+03
    0.7943282347E+02    0.2166527126E+03    0.2166544471E+03    0.2166528292E+03
    0.8576958986E+02    0.2166510265E+03    0.2166516846E+03    0.2166510708E+03
    0.9261187281E+02    0.2166503880E+03    0.2166506371E+03    0.2166504048E+03
    0.1000000000E+03    0.2166501510E+03    0.2166502408E+03    0.2166501567E+03
    0.1075000000E+03    0.2166500623E+03    0.2166500962E+03    0.2166500644E+03
    0.1150000000E+03    0.2166500272E+03    0.2166500409E+03    0.2166500280E+03
    0.1225000000E+03    0.2166500125E+03    0.2166500184E+03    0.2166500128E+03
    0.1300000000E+03    0.2166500060E+03    0.2166500086E+03    0.2166500062E+03
    0.1375000000E+03    0.2166500030E+03    0.2166500042E+03    0.2166500031E+03
    0.1450000000E+03    0.2166500016E+03    0.2166500022E+03    0.2166500016E+03
    0.1525000000E+03    0.2166500010E+03    0.2166500012E+03    0.2166500010E+03
    0.1600000000E+03    0.2166500016E+03    0.2166500010E+03    0.2166500018E+03
    0.1675000000E+03    0.2166500076E+03    0.2166500032E+03    0.2166500087E+03
    0.1750000000E+03    0.2166500452E+03    0.2166500186E+03    0.2166500511E+03
    0.1825000000E+03    0.2166502559E+03    0.2166501084E+03    0.2166502871E+03
    0.1900000000E+03    0.2166513569E+03    0.2166505941E+03    0.2166515090E+03
    0.1975000000E+03    0.2166567401E+03    0.2166530488E+03    0.2166574323E+03
    0.2050000000E+03    0.2166812645E+03    0.2166646520E+03    0.2166841198E+03
    0.2125000000E+03    0.2167820105E+03    0.2167152234E+03    0.2167914887E+03
    0.2200000000E+03    0.2171167015E+03    0.2169058861E+03    0.2171351149E+03
    0.2275000000E+03    0.2178678829E+03    0.2174372281E+03    0.2178824932E+03
    0.2350000000E+03    0.2189603653E+03    0.2183859541E+03    0.2189653692E+03
    0.2425000000E+03    0.2201831189E+03    0.2195651010E+03    0.2201836801E+03
    0.2500000000E+03    0.2214244649E+03    0.2208046434E+03    0.2214237327E+03
    0.2575000000E+03    0.2226497618E+03    0.2220399338E+03    0.2226487228E+03
    0.2650000000E+03    0.2238505278E+03    0.2232533665E+03    0.2238494474E+03
    0.2725000000E+03    0.2250254680E+03    0.2244412095E+03    0.2250244144E+03
    0.2800000000E+03    0.2261751438E+03    0.2256034051E+03    0.2261741327E+03
    0.2875000000E+03    0.2273005553E+03    0.2267408159E+03    0.2272995887E+03
    0.2950000000E+03    0.2284027649E+03    0.2278544949E+03    0.2284018411E+03
    0.3025000000E+03    0.2294827994E+03    0.2289454921E+03    0.2294819160E+03
    0.3100000000E+03    0.2305416270E+03    0.2300148060E+03    0.2305407814E+03
    0.3175000000E+03    0.2315801549E+03    0.2310633741E+03    0.2315793446E+03
    0.3250000000E+03    0.2325992323E+03    0.2320920740E+03    0.2325984552E+03
    0.3325000000E+03    0.2335887171E+03    0.2331017277E+03    0.2335880033E+03
    0.3398345186E+03    0.2345398617E+03    0.2340714236E+03    0.2345392037E+03
    0.3470140487E+03    0.2354556663E+03    0.2350043516E+03    0.2354550577E+03
    0.3540480193E+03    0.2363387869E+03    0.2359033291E+03    0.2363382222E+03
    0.3609449404E+03    0.2371915866E+03    0.2367708566E+03    0.2371910612E+03
    0.3677125236E+03    0.2380161776E+03    0.2376091643E+03    0.2380156875E+03
    0.3743577834E+03    0.2388144553E+03    0.2384202501E+03    0.2388139970E+03
    0.3808871224E+03    0.2395881276E+03    0.2392059105E+03    0.2395876980E+03
    0.3873064033E+03    0.2403387389E+03    0.2399677672E+03    0.2403383354E+03
    0.3936210106E+03    0.2410676904E+03    0.2407072895E+03    0.2410673106E+03
    0.3998359038E+03    0.2417762574E+03    0.2414258126E+03    0.2417758993E+03
    0.4059556626E+03    0.2424656042E+03    0.2421245536E+03    0.2424652660E+03
    0.4119845264E+03    0.2431367967E+03    0.2428046253E+03    0.2431364766E+03
    0.4179264289E+03    0.2437908129E+03    0.2434670478E+03    0.2437905096E+03
    0.4237850281E+03    0.2444285529E+03    0.2441127584E+03    0.2444282651E+03
    0.4295637322E+03    0.2450508468E+03    0.2447426206E+03    0.2450505733E+03
    0.4352657234E+03    0.2456584616E+03    0.2453574318E+03    0.2456582013E+03
    0.4408939782E+03    0.2462521079E+03    0.2459579297E+03    0.2462518599E+03
    0.4464512851E+03    0.2468324451E+03    0.2465447981E+03    0.2468322085E+03
    0.4519402615E+03    0.2474000860E+03    0.2471186724E+03    0.2473998601E+03
    0.4573633676E+03    0.2479556019E+03    0.2476801439E+03    0.2479553858E+03
    0.4627229193E+03    0.2484995252E+03    0.2482297636E+03    0.2484993185E+03
    0.4680211000E+03    0.2490323540E+03    0.2487680463E+03    0.2490321559E+03
    0.4732599708E+03    0.2495545541E+03    0.2492954732E+03    0.2495543642E+03
    0.4784414802E+03    0.2500665623E+03    0.2498124953E+03    0.2500663800E+03
    0.4835674720E+03    0.2505687885E+03    0.2503195354E+03    0.2505686134E+03
    0.4886396934E+03    0.2510616180E+03    0.2508169908E+03    0.2510614497E+03
    0.4936598019E+03    0.2515454136E+03    0.2513052351E+03    0.2515452516E+03
    0.4986293714E+03    0.2520205168E+03    0.2517846201E+03    0.2520203609E+03
    0.5035498982E+03    0.2524872502E+03    0.2522554776E+03    0.2524870999E+03
    0.5084228063E+03    0.2529459182E+03    0.2527181209E+03    0.2529457732E+03
    0.5132494520E+03    0.2533968087E+03    0.2531728458E+03    0.2533966688E+03
    0.5180311284E+03    0.2538401943E+03    0.2536199324E+03    0.2538400592E+03
    0.5227690695E+03    0.2542763332E+03    0.2540596458E+03    0.2542762027E+03
    0.5274644538E+03    0.2547054703E+03    0.2544922376E+03    0.2547053442E+03
    0.5321184079E+03    0.2551278382E+03    0.2549179461E+03    0.2551277162E+03
    0.5367320095E+03    0.2555436579E+03    0.2553369981E+03    0.2555435397E+03
    0.5413062904E+03    0.2559531393E+03    0.2557496088E+03    0.2559530249E+03
    0.5458422391E+03    0.2563564826E+03    0.2561559833E+03    0.2563563717E+03
    0.5503408035E+03    0.2567538783E+03    0.2565563167E+03    0.2567537708E+03
    0.5548028929E+03    0.2571455081E+03    0.2569507950E+03    0.2571454039E+03
    0.5592293805E+03    0.2575315453E+03    0.2573395957E+03    0.2575314442E+03
    0.5636211050E+03    0.2579121555E+03    0.2577228880E+03    0.2579120573E+03
    0.5679788728E+03    0.2582874968E+03    0.2581008337E+03    0.2582874014E+03
    0.5723034597E+03    0.2586577204E+03    0.2584735875E+03    0.2586576277E+03
    0.5765956122E+03    0.2590229711E+03    0.2588412972E+03    0.2590228810E+03
    0.5808560493E+03    0.2593833874E+03    0.2592041044E+03    0.2593832998E+03
    0.5850854638E+03    0.2597391022E+03    0.2595621447E+03    0.2597390169E+03
    0.5892845238E+03    0.2600902426E+03    0.2599155481E+03    0.2600901596E+03
    0.5934538735E+03    0.2604369308E+03    0.2602644392E+03    0.2604368500E+03
    0.5975941348E+03    0.2607792840E+03    0.2606089376E+03    0.2607792053E+03
    0.6017059082E+03    0.2611174147E+03    0.2609491581E+03    0.2611173380E+03
    0.6057897738E+03    0.2614514311E+03    0.2612852111E+03    0.2614513564E+03
    0.6098462921E+03    0.2617814373E+03    0.2616172026E+03    0.2617813644E+03
    0.6138760054E+03    0.2621075331E+03    0.2619452346E+03    0.2621074620E+03
    0.6178794381E+03    0.2624298150E+03    0.2622694051E+03    0.2624297456E+03
    0.6218570977E+03    0.2627483756E+03    0.2625898087E+03    0.2627483079E+03
    0.6258094758E+03    0.2630633043E+03    0.2629065363E+03    0.2630632382E+03
    0.6297370483E+03    0.2633746870E+03    0.2632196756E+03    0.2633746225E+03
    0.6336402765E+03    0.2636826070E+03    0.2635293112E+03    0.2636825439E+03
    0.6375196075E+03    0.2639871441E+03    0.2638355244E+03    0.2639870825E+03
    0.6413754751E+03    0.2642883758E+03    0.2641383941E+03    0.2642883156E+03
    0.6452082997E+03    0.2645863767E+03    0.2644379962E+03    0.2645863178E+03
    0.6490184897E+03    0.2648812188E+03    0.2647344039E+03    0.2648811612E+03
    0.6528064415E+03    0.2651729718E+03    0.2650276882E+03    0.2651729155E+03
    0.6565725398E+03    0.2654617032E+03    0.2653179175E+03    0.2654616481E+03
    0.6603171586E+03    0.2657474779E+03    0.2656051581E+03    0.2657474240E+03
    0.6640406614E+03    0.2660303591E+03    0.2658894741E+03    0.2660303063E+03
    0.6677434013E+03    0.2663104078E+03    0.2661709274E+03    0.2663103561E+03
    0.6714257219E+03    0.2665876829E+03    0.2664495780E+03    0.2665876323E+03
    0.6750879572E+03    0.2668622417E+03    0.2667254840E+03    0.2668621921E+03
    0.6787304325E+03    0.2671341397E+03    0.2669987018E+03    0.2671340911E+03
    0.6823534641E+03    0.2674034304E+03    0.2672692859E+03    0.2674033828E+03
    0.6859573602E+03    0.2676701661E+03    0.2675372892E+03    0.2676701194E+03
    0.6895424207E+03    0.2679343972E+03    0.2678027629E+03    0.2679343514E+03
    0.6931089380E+03    0.2681961727E+03    0.2680657568E+03    0.2681961278E+03
    0.6966571969E+03    0.2684555401E+03    0.2683263192E+03    0.2684554961E+03
    0.7001874749E+03    0.2687125457E+03    0.2685844969E+03    0.2687125025E+03
    0.7037000426E+03    0.2689672343E+03    0.2688403354E+03    0.2689671919E+03
    0.7071951640E+03    0.2692196493E+03    0.2690938789E+03    0.2692196077E+03
    0.7106730964E+03    0.2694698332E+03    0.2693451702E+03    0.2694697923E+03
    0.7141340911E+03    0.2697178269E+03    0.2695942511E+03    0.2697177868E+03
    0.7175783929E+03    0.2699636706E+03    0.2698411622E+03    0.2699636312E+03
    0.7210062413E+03    0.2702074030E+03    0.2700859428E+03    0.2702073643E+03
    0.7244178697E+03    0.2704490620E+03    0.2703286313E+03    0.2704490240E+03
    0.7278135063E+03    0.2706886844E+03    0.2705692649E+03    0.2706886471E+03
    0.7311933739E+03    0.2709263059E+03    0.2708078800E+03    0.2709262692E+03
    0.7345576900E+03    0.2711619614E+03    0.2710445118E+03    0.2711619254E+03
    0.7379066675E+03    0.2713956849E+03    0.2712791949E+03    0.2713956495E+03
    0.7412405143E+03    0.2716275093E+03    0.2715119625E+03    0.2716274745E+03
    0.7445594335E+03    0.2718574670E+03    0.2717428474E+03    0.2718574328E+03
    0.7478636239E+03    0.2720855892E+03    0.2719718813E+03    0.2720855555E+03
    0.7511532800E+03    0.2723119065E+03    0.2721990952E+03    0.2723118734E+03
    0.7544285917E+03    0.2725364487E+03    0.2724245193E+03    0.2725364162E+03
    0.7576897452E+03    0.2727592450E+03    0.2726481829E+03    0.2727592129E+03
    0.7609369225E+03    0.2729803235E+03    0.2728701149E+03    0.2729802920E+03
    0.7641703017E+03    0.2731997120E+03    0.2730903431E+03    0.2731996810E+03
    0.7673900573E+03    0.2734174374E+03    0.2733088949E+03    0.2734174069E+03
    0.7705963600E+03    0.2736335261E+03    0.2735257969E+03    0.2736334961E+03
    0.7737893770E+03    0.2738480037E+03    0.2737410751E+03    0.2738479742E+03
    0.7769692722E+03    0.2740608954E+03    0.2739547549E+03    0.2740608663E+03
    0.7801362061E+03    0.2742722255E+03    0.2741668611E+03    0.2742721968E+03
    0.7832903357E+03    0.2744820181E+03    0.2743774179E+03    0.2744819898E+03
    0.7864318152E+03    0.2746902964E+03    0.2745864489E+03    0.2746902686E+03
    0.7895607956E+03    0.2748970834E+03    0.2747939772E+03    0.2748970560E+03
    0.7926774249E+03    0.2751024013E+03    0.2750000253E+03    0.2751023743E+03
    0.7957818482E+03    0.2753062719E+03    0.2752046154E+03    0.2753062453E+03
    0.7988742079E+03    0.2755087165E+03    0.2754077689E+03    0.2755086903E+03
    0.8019546434E+03    0.2757097560E+03    0.2756095069E+03    0.2757097302E+03
    0.8050232916E+03    0.2759094107E+03    0.2758098501E+03    0.2759093853E+03
    0.8080802869E+03    0.2761077006E+03    0.2760088186E+03    0.2761076755E+03
    0.8111257609E+03    0.2763046451E+03    0.2762064321E+03    0.2763046204E+03
    0.8141598430E+03    0.2765002634E+03    0.2764027099E+03    0.2765002391E+03
    0.8171826601E+03    0.2766945741E+03    0.2765976707E+03    0.2766945501E+03
    0.8201943367E+03    0.2768875954E+03    0.2767913333E+03    0.2768875717E+03
    0.8231949951E+03    0.2770793453E+03    0.2769837154E+03    0.2770793219E+03
    0.8261847554E+03    0.2772698412E+03    0.2771748350E+03    0.2772698182E+03
    0.8291637353E+03    0.2774591004E+03    0.2773647092E+03    0.2774590776E+03
    0.8321320508E+03    0.2776471394E+03    0.2775533551E+03    0.2776471170E+03
    0.8350898155E+03    0.2778339749E+03    0.2777407892E+03    0.2778339528E+03
    0.8380371412E+03    0.2780196229E+03    0.2779270278E+03    0.2780196011E+03
    0.8409741375E+03    0.2782040992E+03    0.2781120869E+03    0.2782040776E+03
    0.8439009124E+03    0.2783874192E+03    0.2782959821E+03    0.2783873979E+03
    0.8468175719E+03    0.2785695981E+03    0.2784787287E+03    0.2785695771E+03
    0.8497242200E+03    0.2787506508E+03    0.2786603416E+03    0.2787506301E+03
    0.8526209592E+03    0.2789305918E+03    0.2788408356E+03    0.2789305713E+03
    0.8555078901E+03    0.2791094354E+03    0.2790202252E+03    0.2791094152E+03
    0.8583851117E+03    0.2792871955E+03    0.2791985243E+03    0.2792871756E+03
    0.8612527213E+03    0.2794638859E+03    0.2793757470E+03    0.2794638663E+03
    0.8641108147E+03    0.2796395202E+03    0.2795519067E+03    0.2796395007E+03
    0.8669594858E+03    0.2798141113E+03    0.2797270169E+03    0.2798140921E+03
    0.8697988273E+03    0.2799876724E+03    0.2799010905E+03    0.2799876535E+03
    0.8726289303E+03    0.2801602162E+03    0.2800741405E+03    0.2801601974E+03
    0.8754498843E+03    0.2803317550E+03    0.2802461794E+03    0.2803317365E+03
    0.8782617776E+03    0.2805023012E+03    0.2804172196E+03    0.2805022829E+03
    0.8810646968E+03    0.2806718667E+03    0.2805872731E+03    0.2806718487E+03
    0.8838587274E+03    0.2808404634E+03    0.2807563520E+03    0.2808404456E+03
    0.8866439533E+03    0.2810081029E+03    0.2809244678E+03    0.2810080853E+03
    0.8894204574E+03    0.2811747965E+03    0.2810916322E+03    0.2811747790E+03
    0.8921883209E+03    0.2813405553E+03    0.2812578562E+03    0.2813405381E+03
    0.8949476242E+03    0.2815053904E+03    0.2814231511E+03    0.2815053734E+03
    0.8976984460E+03    0.2816693125E+03    0.2815875276E+03    0.2816692956E+03
    0.9004408642E+03    0.2818323321E+03    0.2817509964E+03    0.2818323155E+03
    0.9031749554E+03    0.2819944598E+03    0.2819135681E+03    0.2819944434E+03
    0.9059007948E+03    0.2821557057E+03    0.2820752529E+03    0.2821556894E+03
    0.9086184568E+03    0.2823160798E+03    0.2822360610E+03    0.2823160637E+03
    0.9113280145E+03    0.2824755920E+03    0.2823960022E+03    0.2824755761E+03
    0.9140295400E+03    0.2826342520E+03    0.2825550865E+03    0.2826342363E+03
    0.9167231043E+03    0.2827920694E+03    0.2827133233E+03    0.2827920538E+03
    0.9194087774E+03    0.2829490534E+03    0.2828707222E+03    0.2829490380E+03
    0.9220866283E+03    0.2831052133E+03    0.2830272924E+03    0.2831051981E+03
    0.9247567248E+03    0.2832605582E+03    0.2831830430E+03    0.2832605431E+03
    0.9274191339E+03    0.2834150969E+03    0.2833379831E+03    0.2834150820E+03
    0.9300739218E+03    0.2835688382E+03    0.2834921215E+03    0.2835688235E+03
    0.9327211534E+03    0.2837217908E+03    0.2836454668E+03    0.2837217763E+03
    0.9353608929E+03    0.2838739631E+03    0.2837980276E+03    0.2838739487E+03
    0.9379932036E+03    0.2840253634E+03    0.2839498122E+03    0.2840253491E+03
    0.9406181478E+03    0.2841759999E+03    0.2841008291E+03    0.2841759858E+03
    0.9432357871E+03    0.2843258807E+03    0.2842510862E+03    0.2843258668E+03
    0.9458461820E+03    0.2844750138E+03    0.2844005916E+03    0.2844750000E+03
    0.9484493924E+03    0.2846234068E+03    0.2845493531E+03    0.2846233932E+03
    0.9510454774E+03    0.2847710677E+03    0.2846973786E+03    0.2847710542E+03
    0.9536344950E+03    0.2849180038E+03    0.2848446756E+03    0.2849179904E+03
    0.9562165027E+03    0.2850642226E+03    0.2849912517E+03    0.2850642094E+03
    0.9587915571E+03    0.2852097316E+03    0.2851371142E+03    0.2852097185E+03
    0.9613597142E+03    0.2853545378E+03    0.2852822704E+03    0.2853545248E+03
    0.9639210289E+03    0.2854986484E+03    0.2854267274E+03    0.2854986356E+03
    0.9664755558E+03    0.2856420704E+03    0.2855704924E+03    0.2856420577E+03
    0.9690233485E+03    0.2857848107E+03    0.2857135722E+03    0.2857847981E+03
    0.9715644600E+03    0.2859268761E+03    0.2858559737E+03    0.2859268636E+03
    0.9740989426E+03    0.2860682732E+03    0.2859977037E+03    0.2860682609E+03
    0.9766268479E+03    0.2862090086E+03    0.2861387687E+03    0.2862089964E+03
    0.9791482268E+03    0.2863490889E+03    0.2862791753E+03    0.2863490768E+03
    0.9816631296E+03    0.2864885204E+03    0.2864189300E+03    0.2864885084E+03
    0.9841716060E+03    0.2866273094E+03    0.2865580390E+03    0.2866272975E+03
    0.9866737049E+03    0.2867654621E+03    0.2866965086E+03    0.2867654503E+03
    0.9891694749E+03    0.2869029846E+03    0.2868343450E+03    0.2869029729E+03
    0.9916589636E+03    0.2870398829E+03    0.2869715543E+03    0.2870398714E+03
    0.9941422182E+03    0.2871761630E+03    0.2871081424E+03    0.2871761516E+03
    0.9966192854E+03    0.2873118307E+03    0.2872441151E+03    0.2873118194E+03
    0.9990902111E+03    0.2874468918E+03    0.2873794784E+03    0.2874468806E+03
    0.1001555041E+04    0.2875813520E+03    0.2875142380E+03    0.2875813409E+03
    0.1004013820E+04    0.2877152168E+03    0.2876483994E+03    0.2877152058E+03
    0.1006466592E+04    0.2878484918E+03    0.2877819683E+03    0.2878484809E+03
    0.1008913401E+04    0.2879811825E+03    0.2879149500E+03    0.2879811717E+03
    0.1011354290E+04    0.2881132941E+03    0.2880473501E+03    0.2881132834E+03
    0.1013789303E+04    0.2882448320E+03    0.2881791739E+03    0.2882448214E+03
    0.1016218480E+04    0.2883758015E+03    0.2883104266E+03    0.2883757910E+03
    0.1018641865E+04    0.2885062076E+03    0.2884411134E+03    0.2885061972E+03
    0.1021059499E+04    0.2886360554E+03    0.2885712393E+03    0.2886360451E+03
    0.1023471421E+04    0.2887653500E+03    0.2887008096E+03    0.2887653398E+03
    0.1025877673E+04    0.2888940962E+03    0.2888298291E+03    0.2888940861E+03
    0.1028278294E+04    0.2890222991E+03    0.2889583027E+03    0.2890222890E+03
    0.1030673324E+04    0.2891499632E+03    0.2890862352E+03    0.2891499533E+03
    0.1033062801E+04    0.2892770935E+03    0.2892136315E+03    0.2892770836E+03
    0.1035446763E+04    0.2894036946E+03    0.2893404963E+03    0.2894036848E+03
    0.1037825250E+04    0.2895297710E+03    0.2894668342E+03    0.2895297613E+03
    0.1040198298E+04    0.2896553274E+03    0.2895926497E+03    0.2896553178E+03
    0.1042565945E+04    0.2897803683E+03    0.2897179475E+03    0.2897803588E+03
    0.1044928227E+04    0.2899048980E+03    0.2898427319E+03    0.2899048886E+03
    0.1047285181E+04    0.2900289211E+03    0.2899670075E+03    0.2900289117E+03
    0.1049636842E+04    0.2901524416E+03    0.2900907784E+03    0.2901524324E+03
    0.1051983246E+04    0.2902754641E+03    0.2902140491E+03    0.2902754549E+03
    0.1054324428E+04    0.2903979926E+03    0.2903368238E+03    0.2903979835E+03
    0.1056660423E+04    0.2905200313E+03    0.2904591066E+03    0.2905200223E+03
    0.1058991265E+04    0.2906415844E+03    0.2905809017E+03    0.2906415754E+03
    0.1061316988E+04    0.2907626558E+03    0.2907022131E+03    0.2907626469E+03
    0.1063637626E+04    0.2908832495E+03    0.2908230450E+03    0.2908832407E+03
    0.1065953212E+04    0.2910033697E+03    0.2909434011E+03    0.2910033609E+03
    0.1068263778E+04    0.2911230200E+03    0.2910632856E+03    0.2911230113E+03
    0.1070569358E+04    0.2912422044E+03    0.2911827022E+03    0.2912421958E+03
    0.1072869983E+04    0.2913609266E+03    0.2913016548E+03    0.2913609181E+03
    0.1075165685E+04    0.2914791905E+03    0.2914201472E+03    0.2914791821E+03
    0.1077456496E+04    0.2915969998E+03    0.2915381830E+03    0.2915969914E+03
    0.1079742446E+04    0.2917143580E+03    0.2916557661E+03    0.2917143497E+03
    0.1082023567E+04    0.2918312689E+03    0.2917728999E+03    0.2918312606E+03
    0.1084299889E+04    0.2919477360E+03    0.2918895882E+03    0.2919477278E+03
    0.1086571443E+04    0.2920637628E+03    0.2920058345E+03    0.2920637546E+03
    0.1088838257E+04    0.2921793528E+03    0.2921216422E+03    0.2921793447E+03
    0.1091100362E+04    0.2922945095E+03    0.2922370149E+03    0.2922945015E+03
    0.1093357787E+04    0.2924092362E+03    0.2923519560E+03    0.2924092283E+03
    0.1095610560E+04    0.2925235364E+03    0.2924664688E+03    0.2925235286E+03
    0.1097858711E+04    0.2926374134E+03    0.2925805567E+03    0.2926374056E+03
    0.1100102268E+04    0.2926942231E+03    0.2926942231E+03    0.2926942231E+03
