  0.32500E-02  0.32500E-02  0.33000E-02  0.36400E-02
  0.36800E-02  0.41100E-02  0.46100E-02  0.45700E-02
  0.50700E-02  0.55000E-02  0.50700E-02  0.45700E-02
  0.46100E-02  0.41100E-02  0.36800E-02  0.36400E-02
  0.33000E-02  0.32500E-02  0.32500E-02
  0.42800E-02  0.43200E-02  0.45700E-02  0.47900E-02
  0.49100E-02  0.50800E-02  0.54000E-02  0.53400E-02
  0.57800E-02  0.62900E-02  0.57800E-02  0.53400E-02
  0.54000E-02  0.50800E-02  0.49100E-02  0.47900E-02
  0.45700E-02  0.43200E-02  0.42800E-02
  0.59100E-02  0.59700E-02  0.62100E-02  0.64700E-02
  0.67000E-02  0.68300E-02  0.72100E-02  0.73200E-02
  0.74500E-02  0.80900E-02  0.74500E-02  0.73200E-02
  0.72100E-02  0.68300E-02  0.67000E-02  0.64700E-02
  0.62100E-02  0.59700E-02  0.59100E-02
  0.82900E-02  0.84500E-02  0.87800E-02  0.90500E-02
  0.94500E-02  0.97000E-02  0.96900E-02  0.10330E-01
  0.10720E-01  0.11380E-01  0.10720E-01  0.10330E-01
  0.96900E-02  0.97000E-02  0.94500E-02  0.90500E-02
  0.87800E-02  0.84500E-02  0.82900E-02
  0.14140E-01  0.14260E-01  0.15150E-01  0.15270E-01
  0.15380E-01  0.15670E-01  0.15670E-01  0.15650E-01
  0.16540E-01  0.16930E-01  0.16540E-01  0.15650E-01
  0.15670E-01  0.15670E-01  0.15380E-01  0.15270E-01
  0.15150E-01  0.14260E-01  0.14140E-01
  0.18940E-01  0.18940E-01  0.19940E-01  0.19940E-01
  0.19980E-01  0.20970E-01  0.20970E-01  0.20970E-01
  0.21920E-01  0.22980E-01  0.21920E-01  0.20970E-01
  0.20970E-01  0.20970E-01  0.19980E-01  0.19940E-01
  0.19940E-01  0.18940E-01  0.18940E-01
  0.23650E-01  0.23630E-01  0.24630E-01  0.24630E-01
  0.25260E-01  0.25330E-01  0.25330E-01  0.25330E-01
  0.25710E-01  0.27360E-01  0.25710E-01  0.25330E-01
  0.25330E-01  0.25330E-01  0.25260E-01  0.24630E-01
  0.24630E-01  0.23630E-01  0.23650E-01
  0.27420E-01  0.28060E-01  0.29050E-01  0.29040E-01
  0.29010E-01  0.29000E-01  0.29000E-01  0.28980E-01
  0.29990E-01  0.30320E-01  0.29990E-01  0.28980E-01
  0.29000E-01  0.29000E-01  0.29010E-01  0.29040E-01
  0.29050E-01  0.28060E-01  0.27420E-01
  0.38930E-01  0.41010E-01  0.42130E-01  0.41180E-01
  0.39970E-01  0.37580E-01  0.36110E-01  0.34220E-01
  0.34240E-01  0.33180E-01  0.34240E-01  0.34220E-01
  0.36110E-01  0.37580E-01  0.39970E-01  0.41180E-01
  0.42130E-01  0.41010E-01  0.38930E-01
  0.55730E-01  0.58300E-01  0.61010E-01  0.61020E-01
  0.58040E-01  0.51650E-01  0.45470E-01  0.41730E-01
  0.39560E-01  0.37580E-01  0.39560E-01  0.41730E-01
  0.45470E-01  0.51650E-01  0.58040E-01  0.61020E-01
  0.61010E-01  0.58300E-01  0.55730E-01
  0.65010E-01  0.68170E-01  0.73350E-01  0.78130E-01
  0.74350E-01  0.67580E-01  0.60080E-01  0.54450E-01
  0.50930E-01  0.48300E-01  0.50930E-01  0.54450E-01
  0.60080E-01  0.67580E-01  0.74350E-01  0.78130E-01
  0.73350E-01  0.68170E-01  0.65010E-01
  0.70810E-01  0.74130E-01  0.80920E-01  0.93210E-01
  0.95060E-01  0.80780E-01  0.73760E-01  0.67770E-01
  0.65530E-01  0.63950E-01  0.65530E-01  0.67770E-01
  0.73760E-01  0.80780E-01  0.95060E-01  0.93210E-01
  0.80920E-01  0.74130E-01  0.70810E-01
  0.73010E-01  0.76830E-01  0.84700E-01  0.99630E-01
  0.10575E+00  0.10091E+00  0.94630E-01  0.92000E-01
  0.90970E-01  0.90420E-01  0.90970E-01  0.92000E-01
  0.94630E-01  0.10091E+00  0.10575E+00  0.99630E-01
  0.84700E-01  0.76830E-01  0.73010E-01
  0.74050E-01  0.77950E-01  0.85830E-01  0.99920E-01
  0.10957E+00  0.11599E+00  0.11927E+00  0.11862E+00
  0.11972E+00  0.12433E+00  0.11972E+00  0.11862E+00
  0.11927E+00  0.11599E+00  0.10957E+00  0.99920E-01
  0.85830E-01  0.77950E-01  0.74050E-01
  0.74680E-01  0.77740E-01  0.85010E-01  0.97530E-01
  0.10878E+00  0.11866E+00  0.12770E+00  0.13083E+00
  0.13489E+00  0.14117E+00  0.13489E+00  0.13083E+00
  0.12770E+00  0.11866E+00  0.10878E+00  0.97530E-01
  0.85010E-01  0.77740E-01  0.74680E-01
  0.72910E-01  0.76070E-01  0.83710E-01  0.92850E-01
  0.10572E+00  0.11577E+00  0.12636E+00  0.13408E+00
  0.13997E+00  0.14381E+00  0.13997E+00  0.13408E+00
  0.12636E+00  0.11577E+00  0.10572E+00  0.92850E-01
  0.83710E-01  0.76070E-01  0.72910E-01
  0.70760E-01  0.74560E-01  0.80580E-01  0.88460E-01
  0.10148E+00  0.11142E+00  0.12081E+00  0.13324E+00
  0.13936E+00  0.14455E+00  0.13936E+00  0.13324E+00
  0.12081E+00  0.11142E+00  0.10148E+00  0.88460E-01
  0.80580E-01  0.74560E-01  0.70760E-01
  0.67940E-01  0.70940E-01  0.76040E-01  0.83180E-01
  0.96260E-01  0.10495E+00  0.11447E+00  0.12518E+00
  0.13068E+00  0.13305E+00  0.13068E+00  0.12518E+00
  0.11447E+00  0.10495E+00  0.96260E-01  0.83180E-01
  0.76040E-01  0.70940E-01  0.67940E-01
  0.65240E-01  0.67350E-01  0.72210E-01  0.78950E-01
  0.91680E-01  0.97060E-01  0.10325E+00  0.10853E+00
  0.10996E+00  0.11076E+00  0.10996E+00  0.10853E+00
  0.10325E+00  0.97060E-01  0.91680E-01  0.78950E-01
  0.72210E-01  0.67350E-01  0.65240E-01
  0.63330E-01  0.65300E-01  0.68690E-01  0.72440E-01
  0.81420E-01  0.83930E-01  0.84980E-01  0.83360E-01
  0.81000E-01  0.78710E-01  0.81000E-01  0.83360E-01
  0.84980E-01  0.83930E-01  0.81420E-01  0.72440E-01
  0.68690E-01  0.65300E-01  0.63330E-01
  0.60820E-01  0.62820E-01  0.65140E-01  0.67360E-01
  0.70940E-01  0.67780E-01  0.64700E-01  0.57740E-01
  0.51530E-01  0.48370E-01  0.51530E-01  0.57740E-01
  0.64700E-01  0.67780E-01  0.70940E-01  0.67360E-01
  0.65140E-01  0.62820E-01  0.60820E-01
  0.57780E-01  0.59890E-01  0.59490E-01  0.59670E-01
  0.57300E-01  0.48930E-01  0.43070E-01  0.34160E-01
  0.28790E-01  0.26360E-01  0.28790E-01  0.34160E-01
  0.43070E-01  0.48930E-01  0.57300E-01  0.59670E-01
  0.59490E-01  0.59890E-01  0.57780E-01
  0.52710E-01  0.53480E-01  0.50460E-01  0.48930E-01
  0.42420E-01  0.33050E-01  0.24590E-01  0.16710E-01
  0.13380E-01  0.11900E-01  0.13380E-01  0.16710E-01
  0.24590E-01  0.33050E-01  0.42420E-01  0.48930E-01
  0.50460E-01  0.53480E-01  0.52710E-01
  0.43220E-01  0.42160E-01  0.38380E-01  0.36350E-01
  0.28160E-01  0.20110E-01  0.10620E-01  0.63500E-02
  0.42600E-02  0.35900E-02  0.42600E-02  0.63500E-02
  0.10620E-01  0.20110E-01  0.28160E-01  0.36350E-01
  0.38380E-01  0.42160E-01  0.43220E-01
  0.31930E-01  0.30780E-01  0.27560E-01  0.25540E-01
  0.17820E-01  0.10180E-01  0.33200E-02  0.24800E-02
  0.14700E-02  0.10800E-02  0.14700E-02  0.24800E-02
  0.33200E-02  0.10180E-01  0.17820E-01  0.25540E-01
  0.27560E-01  0.30780E-01  0.31930E-01
  0.24730E-01  0.22910E-01  0.19060E-01  0.17040E-01
  0.11410E-01  0.61200E-02  0.23200E-02  0.13900E-02
  0.89000E-03  0.66000E-03  0.89000E-03  0.13900E-02
  0.23200E-02  0.61200E-02  0.11410E-01  0.17040E-01
  0.19060E-01  0.22910E-01  0.24730E-01
  0.17140E-01  0.15640E-01  0.13320E-01  0.11760E-01
  0.72000E-02  0.42400E-02  0.18700E-02  0.98000E-03
  0.77000E-03  0.63000E-03  0.77000E-03  0.98000E-03
  0.18700E-02  0.42400E-02  0.72000E-02  0.11760E-01
  0.13320E-01  0.15640E-01  0.17140E-01
  0.11080E-01  0.10350E-01  0.94000E-02  0.83500E-02
  0.45900E-02  0.29300E-02  0.12300E-02  0.73000E-03
  0.64000E-03  0.57000E-03  0.64000E-03  0.73000E-03
  0.12300E-02  0.29300E-02  0.45900E-02  0.83500E-02
  0.94000E-02  0.10350E-01  0.11080E-01
  0.69900E-02  0.67200E-02  0.56900E-02  0.49800E-02
  0.27000E-02  0.16900E-02  0.92000E-03  0.61000E-03
  0.51000E-03  0.51000E-03  0.51000E-03  0.61000E-03
  0.92000E-03  0.16900E-02  0.27000E-02  0.49800E-02
  0.56900E-02  0.67200E-02  0.69900E-02
  0.36900E-02  0.33000E-02  0.26600E-02  0.23100E-02
  0.14100E-02  0.99000E-03  0.75000E-03  0.60000E-03
  0.50000E-03  0.50000E-03  0.50000E-03  0.60000E-03
  0.75000E-03  0.99000E-03  0.14100E-02  0.23100E-02
  0.26600E-02  0.33000E-02  0.36900E-02
  0.18900E-02  0.14900E-02  0.12300E-02  0.11100E-02
  0.86000E-03  0.71000E-03  0.67000E-03  0.57000E-03
  0.47000E-03  0.47000E-03  0.47000E-03  0.57000E-03
  0.67000E-03  0.71000E-03  0.86000E-03  0.11100E-02
  0.12300E-02  0.14900E-02  0.18900E-02
  0.10300E-02  0.87000E-03  0.84000E-03  0.82000E-03
  0.71000E-03  0.61000E-03  0.61000E-03  0.51000E-03
  0.41000E-03  0.41000E-03  0.41000E-03  0.51000E-03
  0.61000E-03  0.61000E-03  0.71000E-03  0.82000E-03
  0.84000E-03  0.87000E-03  0.10300E-02
  0.68000E-03  0.65000E-03  0.67000E-03  0.68000E-03
  0.64000E-03  0.59000E-03  0.55000E-03  0.45000E-03
  0.40000E-03  0.40000E-03  0.40000E-03  0.45000E-03
  0.55000E-03  0.59000E-03  0.64000E-03  0.68000E-03
  0.67000E-03  0.65000E-03  0.68000E-03
  0.60000E-03  0.60000E-03  0.60000E-03  0.60000E-03
  0.60000E-03  0.60000E-03  0.50000E-03  0.40000E-03
  0.40000E-03  0.40000E-03  0.40000E-03  0.40000E-03
  0.50000E-03  0.60000E-03  0.60000E-03  0.60000E-03
  0.60000E-03  0.60000E-03  0.60000E-03
  0.54000E-03  0.54000E-03  0.54000E-03  0.54000E-03
  0.55000E-03  0.56000E-03  0.50000E-03  0.40000E-03
  0.36000E-03  0.36000E-03  0.36000E-03  0.40000E-03
  0.50000E-03  0.56000E-03  0.55000E-03  0.54000E-03
  0.54000E-03  0.54000E-03  0.54000E-03
  0.50000E-03  0.50000E-03  0.50000E-03  0.50000E-03
  0.50000E-03  0.50000E-03  0.50000E-03  0.40000E-03
  0.30000E-03  0.30000E-03  0.30000E-03  0.40000E-03
  0.50000E-03  0.50000E-03  0.50000E-03  0.50000E-03
  0.50000E-03  0.50000E-03  0.50000E-03
  0.47000E-03  0.47000E-03  0.47000E-03  0.47000E-03
  0.47000E-03  0.47000E-03  0.47000E-03  0.37000E-03
  0.27000E-03  0.27000E-03  0.27000E-03  0.37000E-03
  0.47000E-03  0.47000E-03  0.47000E-03  0.47000E-03
  0.47000E-03  0.47000E-03  0.47000E-03
  0.45000E-03  0.45000E-03  0.45000E-03  0.45000E-03
  0.45000E-03  0.45000E-03  0.45000E-03  0.35000E-03
  0.25000E-03  0.25000E-03  0.25000E-03  0.35000E-03
  0.45000E-03  0.45000E-03  0.45000E-03  0.45000E-03
  0.45000E-03  0.45000E-03  0.45000E-03
  0.40000E-03  0.40000E-03  0.40000E-03  0.40000E-03
  0.40000E-03  0.40000E-03  0.40000E-03  0.30000E-03
  0.20000E-03  0.20000E-03  0.20000E-03  0.30000E-03
  0.40000E-03  0.40000E-03  0.40000E-03  0.40000E-03
  0.40000E-03  0.40000E-03  0.40000E-03
  0.40000E-03  0.40000E-03  0.40000E-03  0.40000E-03
  0.40000E-03  0.40000E-03  0.40000E-03  0.30000E-03
  0.20000E-03  0.20000E-03  0.20000E-03  0.30000E-03
  0.40000E-03  0.40000E-03  0.40000E-03  0.40000E-03
  0.40000E-03  0.40000E-03  0.40000E-03
