         311
   1800.5000    282.8990
   1801.5000    283.0068
   1802.5000    283.1109
   1803.5000    283.2113
   1804.5000    283.3074
   1805.5000    283.3996
   1806.5000    283.4898
   1807.5000    283.5780
   1808.5000    283.6612
   1809.5000    283.7351
   1810.5000    283.7968
   1811.5000    283.8467
   1812.5000    283.8885
   1813.5000    283.9261
   1814.5000    283.9627
   1815.5000    284.0011
   1816.5000    284.0427
   1817.5000    284.0861
   1818.5000    284.1285
   1819.5000    284.1667
   1820.5000    284.1982
   1821.5000    284.2233
   1822.5000    284.2443
   1823.5000    284.2631
   1824.5000    284.2813
   1825.5000    284.3003
   1826.5000    284.3200
   1827.5000    284.3400
   1828.5000    284.3600
   1829.5000    284.3800
   1830.5000    284.4000
   1831.5000    284.3850
   1832.5000    284.2800
   1833.5000    284.1250
   1834.5000    283.9750
   1835.5000    283.8250
   1836.5000    283.6750
   1837.5000    283.5250
   1838.5000    283.4250
   1839.5000    283.4000
   1840.5000    283.4000
   1841.5000    283.4250
   1842.5000    283.5000
   1843.5000    283.6000
   1844.5000    283.7250
   1845.5000    283.9000
   1846.5000    284.0750
   1847.5000    284.2250
   1848.5000    284.4000
   1849.5000    284.5750
   1850.5000    284.7250
   1851.5000    284.8750
   1852.5000    285.0000
   1853.5000    285.1250
   1854.5000    285.2750
   1855.5000    285.4250
   1856.5000    285.5750
   1857.5000    285.7250
   1858.5000    285.9000
   1859.5000    286.0750
   1860.5000    286.2250
   1861.5000    286.3750
   1862.5000    286.5000
   1863.5000    286.6250
   1864.5000    286.7750
   1865.5000    286.9000
   1866.5000    287.0000
   1867.5000    287.1000
   1868.5000    287.2250
   1869.5000    287.3750
   1870.5000    287.5250
   1871.5000    287.7000
   1872.5000    287.9000
   1873.5000    288.1250
   1874.5000    288.4000
   1875.5000    288.7000
   1876.5000    289.0250
   1877.5000    289.4000
   1878.5000    289.8000
   1879.5000    290.2250
   1880.5000    290.7000
   1881.5000    291.2000
   1882.5000    291.6750
   1883.5000    292.1250
   1884.5000    292.5750
   1885.5000    292.9750
   1886.5000    293.3000
   1887.5000    293.5750
   1888.5000    293.8000
   1889.5000    294.0000
   1890.5000    294.1750
   1891.5000    294.3250
   1892.5000    294.4750
   1893.5000    294.6000
   1894.5000    294.7000
   1895.5000    294.8000
   1896.5000    294.9000
   1897.5000    295.0250
   1898.5000    295.2250
   1899.5000    295.5000
   1900.5000    295.8000
   1901.5000    296.1250
   1902.5000    296.4750
   1903.5000    296.8250
   1904.5000    297.2000
   1905.5000    297.6250
   1906.5000    298.0750
   1907.5000    298.5000
   1908.5000    298.9000
   1909.5000    299.3000
   1910.5000    299.7000
   1911.5000    300.0750
   1912.5000    300.4250
   1913.5000    300.7750
   1914.5000    301.1000
   1915.5000    301.4000
   1916.5000    301.7250
   1917.5000    302.0750
   1918.5000    302.4000
   1919.5000    302.7000
   1920.5000    303.0250
   1921.5000    303.4000
   1922.5000    303.7750
   1923.5000    304.1250
   1924.5000    304.5250
   1925.5000    304.9750
   1926.5000    305.4000
   1927.5000    305.8250
   1928.5000    306.3000
   1929.5000    306.7750
   1930.5000    307.2250
   1931.5000    307.7000
   1932.5000    308.1750
   1933.5000    308.6000
   1934.5000    309.0000
   1935.5000    309.4000
   1936.5000    309.7500
   1937.5000    310.0000
   1938.5000    310.1750
   1939.5000    310.3000
   1940.5000    310.3750
   1941.5000    310.3750
   1942.5000    310.3000
   1943.5000    310.2000
   1944.5000    310.1250
   1945.5000    310.1000
   1946.5000    310.1250
   1947.5000    310.2000
   1948.5000    310.3250
   1949.5000    310.5000
   1950.5000    310.7500
   1951.5000    311.1000
   1952.5000    311.5000
   1953.5000    311.9250
   1954.5000    312.4250
   1955.5000    313.0000
   1956.5000    313.6000
   1957.5000    314.2250
   1958.5000    314.8475
   1959.5000    315.5000
   1960.5000    316.2725
   1961.5000    317.0750
   1962.5000    317.7950
   1963.5000    318.3975
   1964.5000    318.9250
   1965.5000    319.6475
   1966.5000    320.6475
   1967.5000    321.6050
   1968.5000    322.6350
   1969.5000    323.9025
   1970.5000    324.9850
   1971.5000    325.8550
   1972.5000    327.1400
   1973.5000    328.6775
   1974.5000    329.7425
   1975.5000    330.5850
   1976.5000    331.7475
   1977.5000    333.2725
   1978.5000    334.8475
   1979.5000    336.5250
   1980.5000    338.3600
   1981.5000    339.7275
   1982.5000    340.7925
   1983.5000    342.1975
   1984.5000    343.7825
   1985.5000    345.2825
   1986.5000    346.7975
   1987.5000    348.6450
   1988.5000    350.7375
   1989.5000    352.4875
   1990.5000    353.8550
   1991.5000    355.0175
   1992.5000    355.8850
   1993.5000    356.7775
   1994.5000    358.1275
   1995.5000    359.8375
   1996.5000    361.4625
   1997.5000    363.1550
   1998.5000    365.3225
   1999.5000    367.3475
   2000.5000    368.8650
   2001.5000    370.4675
   2002.5000    372.5225
   2003.5000    374.7600
   2004.5000    376.8125
   2005.5000    378.8125
   2006.5000    380.8275
   2007.5000    382.7775
   2008.5000    384.8000
   2009.5000    386.9516
   2010.5000    389.1278
   2011.5000    391.2736
   2012.5000    393.4211
   2013.5000    395.5828
   2014.5000    397.7641
   2015.5000    399.9663
   2016.5000    402.1843
   2017.5000    404.4108
   2018.5000    406.6429
   2019.5000    408.8817
   2020.5000    411.1287
   2021.5000    413.3781
   2022.5000    415.6394
   2023.5000    417.9355
   2024.5000    420.2740
   2025.5000    422.6559
   2026.5000    425.0798
   2027.5000    427.5379
   2028.5000    430.0206
   2029.5000    432.5234
   2030.5000    435.0459
   2031.5000    437.5889
   2032.5000    440.1314
   2033.5000    442.6642
   2034.5000    445.2070
   2035.5000    447.7698
   2036.5000    450.3554
   2037.5000    452.9634
   2038.5000    455.5865
   2039.5000    458.2152
   2040.5000    460.8450
   2041.5000    463.4755
   2042.5000    466.0934
   2043.5000    468.6781
   2044.5000    471.2339
   2045.5000    473.7803
   2046.5000    476.3282
   2047.5000    478.8809
   2048.5000    481.4383
   2049.5000    483.9931
   2050.5000    486.5353
   2051.5000    489.0604
   2052.5000    491.5356
   2053.5000    493.9319
   2054.5000    496.2437
   2055.5000    498.4744
   2056.5000    500.6450
   2057.5000    502.7679
   2058.5000    504.8473
   2059.5000    506.8841
   2060.5000    508.8713
   2061.5000    510.7990
   2062.5000    512.6472
   2063.5000    514.4015
   2064.5000    516.0646
   2065.5000    517.6285
   2066.5000    519.0961
   2067.5000    520.4883
   2068.5000    521.8177
   2069.5000    523.0887
   2070.5000    524.3022
   2071.5000    525.4509
   2072.5000    526.5090
   2073.5000    527.4571
   2074.5000    528.2960
   2075.5000    529.0272
   2076.5000    529.6425
   2077.5000    530.1442
   2078.5000    530.5534
   2079.5000    530.8831
   2080.5000    531.1380
   2081.5000    531.3193
   2082.5000    531.4899
   2083.5000    531.7021
   2084.5000    531.9421
   2085.5000    532.2047
   2086.5000    532.4867
   2087.5000    532.7755
   2088.5000    533.0698
   2089.5000    533.3879
   2090.5000    533.7407
   2091.5000    534.1309
   2092.5000    534.5576
   2093.5000    535.0114
   2094.5000    535.4796
   2095.5000    535.9549
   2096.5000    536.4351
   2097.5000    536.9199
   2098.5000    537.3986
   2099.5000    537.8713
   2100.5000    538.3583
   2101.5000    538.8715
   2102.5000    539.3882
   2103.5000    539.8838
   2104.5000    540.3521
   2105.5000    540.7820
   2106.5000    541.1680
   2107.5000    541.5096
   2108.5000    541.8077
   2109.5000    542.0526
   2110.5000    542.2455
