         311
   1800.5000      0.0000
   1801.5000      0.0000
   1802.5000      0.0000
   1803.5000      0.0000
   1804.5000      0.0000
   1805.5000      0.0000
   1806.5000      0.0000
   1807.5000      0.0000
   1808.5000      0.0000
   1809.5000      0.0000
   1810.5000      0.0000
   1811.5000      0.0000
   1812.5000      0.0000
   1813.5000      0.0000
   1814.5000      0.0000
   1815.5000      0.0000
   1816.5000      0.0000
   1817.5000      0.0000
   1818.5000      0.0000
   1819.5000      0.0000
   1820.5000      0.0000
   1821.5000      0.0000
   1822.5000      0.0000
   1823.5000      0.0000
   1824.5000      0.0000
   1825.5000      0.0000
   1826.5000      0.0000
   1827.5000      0.0000
   1828.5000      0.0000
   1829.5000      0.0000
   1830.5000      0.0000
   1831.5000      0.0000
   1832.5000      0.0000
   1833.5000      0.0000
   1834.5000      0.0000
   1835.5000      0.0000
   1836.5000      0.0000
   1837.5000      0.0000
   1838.5000      0.0000
   1839.5000      0.0000
   1840.5000      0.0000
   1841.5000      0.0000
   1842.5000      0.0000
   1843.5000      0.0000
   1844.5000      0.0000
   1845.5000      0.0000
   1846.5000      0.0000
   1847.5000      0.0000
   1848.5000      0.0000
   1849.5000      0.0000
   1850.5000      0.0000
   1851.5000      0.0000
   1852.5000      0.0000
   1853.5000      0.0000
   1854.5000      0.0000
   1855.5000      0.0000
   1856.5000      0.0000
   1857.5000      0.0000
   1858.5000      0.0000
   1859.5000      0.0000
   1860.5000      0.0000
   1861.5000      0.0000
   1862.5000      0.0000
   1863.5000      0.0000
   1864.5000      0.0000
   1865.5000      0.0000
   1866.5000      0.0000
   1867.5000      0.0000
   1868.5000      0.0000
   1869.5000      0.0000
   1870.5000      0.0000
   1871.5000      0.0000
   1872.5000      0.0000
   1873.5000      0.0000
   1874.5000      0.0000
   1875.5000      0.0000
   1876.5000      0.0000
   1877.5000      0.0000
   1878.5000      0.0000
   1879.5000      0.0000
   1880.5000      0.0000
   1881.5000      0.0000
   1882.5000      0.0000
   1883.5000      0.0000
   1884.5000      0.0000
   1885.5000      0.0000
   1886.5000      0.0000
   1887.5000      0.0000
   1888.5000      0.0000
   1889.5000      0.0000
   1890.5000      0.0000
   1891.5000      0.0000
   1892.5000      0.0000
   1893.5000      0.0000
   1894.5000      0.0000
   1895.5000      0.0000
   1896.5000      0.0000
   1897.5000      0.0000
   1898.5000      0.0000
   1899.5000      0.0000
   1900.5000      0.0000
   1901.5000      0.0000
   1902.5000      0.0000
   1903.5000      0.0000
   1904.5000      0.0000
   1905.5000      0.0000
   1906.5000      0.0000
   1907.5000      0.0000
   1908.5000      0.0000
   1909.5000      0.0000
   1910.5000      0.0000
   1911.5000      0.0000
   1912.5000      0.0000
   1913.5000      0.0000
   1914.5000      0.0000
   1915.5000      0.0000
   1916.5000      0.0000
   1917.5000      0.0000
   1918.5000      0.0000
   1919.5000      0.0000
   1920.5000      0.0000
   1921.5000      0.0000
   1922.5000      0.0000
   1923.5000      0.0000
   1924.5000      0.0000
   1925.5000      0.0000
   1926.5000      0.0000
   1927.5000      0.0000
   1928.5000      0.0000
   1929.5000      0.0000
   1930.5000      0.0000
   1931.5000      0.0000
   1932.5000      0.0000
   1933.5000      0.0000
   1934.5000      0.0000
   1935.5000      0.0000
   1936.5000      0.0000
   1937.5000      0.0000
   1938.5000      0.0000
   1939.5000      0.0000
   1940.5000      0.0000
   1941.5000      0.0000
   1942.5000      0.0000
   1943.5000      0.0000
   1944.5000      0.0000
   1945.5000      0.0000
   1946.5000      0.0301
   1947.5000      0.1276
   1948.5000      0.2767
   1949.5000      0.4541
   1950.5000      0.6521
   1951.5000      0.8771
   1952.5000      1.0245
   1953.5000      1.0775
   1954.5000      1.1390
   1955.5000      1.2100
   1956.5000      1.2925
   1957.5000      1.3895
   1958.5000      1.5020
   1959.5000      1.6305
   1960.5000      1.7790
   1961.5000      1.9505
   1962.5000      2.1465
   1963.5000      2.3705
   1964.5000      2.6285
   1965.5000      2.9255
   1966.5000      3.2665
   1967.5000      3.6585
   1968.5000      4.1085
   1969.5000      4.6245
   1970.5000      5.2165
   1971.5000      5.8955
   1972.5000      6.6740
   1973.5000      7.5685
   1974.5000      8.5950
   1975.5000      9.7715
   1976.5000     11.1200
   1977.5000     12.6700
   1978.5000     14.4450
   1979.5000     16.4750
   1980.5000     18.8050
   1981.5000     21.4750
   1982.5000     24.4500
   1983.5000     27.6050
   1984.5000     30.9850
   1985.5000     35.4300
   1986.5000     39.9500
   1987.5000     44.2850
   1988.5000     50.5300
   1989.5000     57.9200
   1990.5000     64.4850
   1991.5000     70.3000
   1992.5000     75.9600
   1993.5000     80.2350
   1994.5000     82.3450
   1995.5000     83.4600
   1996.5000     83.8400
   1997.5000     83.6800
   1998.5000     83.4500
   1999.5000     83.0150
   2000.5000     82.5150
   2001.5000     82.0700
   2002.5000     81.5950
   2003.5000     80.9300
   2004.5000     80.1200
   2005.5000     79.3100
   2006.5000     78.4800
   2007.5000     77.5950
   2008.5000     76.7200
   2009.5000     75.8193
   2010.5000     74.8998
   2011.5000     73.9799
   2012.5000     73.0587
   2013.5000     72.1415
   2014.5000     71.2311
   2015.5000     70.3296
   2016.5000     69.4374
   2017.5000     68.5542
   2018.5000     67.6799
   2019.5000     66.8144
   2020.5000     65.9573
   2021.5000     65.1072
   2022.5000     64.2632
   2023.5000     63.4262
   2024.5000     62.5970
   2025.5000     61.7763
   2026.5000     60.9646
   2027.5000     60.1622
   2028.5000     59.3685
   2029.5000     58.5832
   2030.5000     57.8061
   2031.5000     57.0372
   2032.5000     56.2749
   2033.5000     55.5184
   2034.5000     54.7686
   2035.5000     54.0262
   2036.5000     53.2917
   2037.5000     52.5658
   2038.5000     51.8485
   2039.5000     51.1394
   2040.5000     50.4383
   2041.5000     49.7450
   2042.5000     49.0593
   2043.5000     48.3802
   2044.5000     47.7068
   2045.5000     47.0399
   2046.5000     46.3801
   2047.5000     45.7278
   2048.5000     45.0837
   2049.5000     44.4477
   2050.5000     43.8195
   2051.5000     43.1988
   2052.5000     42.5856
   2053.5000     41.9799
   2054.5000     41.3805
   2055.5000     40.7868
   2056.5000     40.1995
   2057.5000     39.6191
   2058.5000     39.0459
   2059.5000     38.4804
   2060.5000     37.9227
   2061.5000     37.3724
   2062.5000     36.8294
   2063.5000     36.2934
   2064.5000     35.7644
   2065.5000     35.2416
   2066.5000     34.7243
   2067.5000     34.2130
   2068.5000     33.7081
   2069.5000     33.2101
   2070.5000     32.7192
   2071.5000     32.2356
   2072.5000     31.7588
   2073.5000     31.2887
   2074.5000     30.8252
   2075.5000     30.3681
   2076.5000     29.9168
   2077.5000     29.4707
   2078.5000     29.0301
   2079.5000     28.5956
   2080.5000     28.1673
   2081.5000     27.7455
   2082.5000     27.3304
   2083.5000     26.9216
   2084.5000     26.5189
   2085.5000     26.1221
   2086.5000     25.7312
   2087.5000     25.3455
   2088.5000     24.9644
   2089.5000     24.5884
   2090.5000     24.2176
   2091.5000     23.8523
   2092.5000     23.4928
   2093.5000     23.1389
   2094.5000     22.7904
   2095.5000     22.4472
   2096.5000     22.1090
   2097.5000     21.7759
   2098.5000     21.4472
   2099.5000     21.1225
   2100.5000     20.8022
   2101.5000     20.4863
   2102.5000     20.1752
   2103.5000     19.8689
   2104.5000     19.5675
   2105.5000     19.2708
   2106.5000     18.9786
   2107.5000     18.6908
   2108.5000     18.4073
   2109.5000     18.1276
   2110.5000     17.8514
