         311
   1800.5000      0.0000
   1801.5000      0.0000
   1802.5000      0.0000
   1803.5000      0.0000
   1804.5000      0.0000
   1805.5000      0.0000
   1806.5000      0.0000
   1807.5000      0.0000
   1808.5000      0.0000
   1809.5000      0.0000
   1810.5000      0.0000
   1811.5000      0.0000
   1812.5000      0.0000
   1813.5000      0.0000
   1814.5000      0.0000
   1815.5000      0.0000
   1816.5000      0.0000
   1817.5000      0.0000
   1818.5000      0.0000
   1819.5000      0.0000
   1820.5000      0.0000
   1821.5000      0.0000
   1822.5000      0.0000
   1823.5000      0.0000
   1824.5000      0.0000
   1825.5000      0.0000
   1826.5000      0.0000
   1827.5000      0.0000
   1828.5000      0.0000
   1829.5000      0.0000
   1830.5000      0.0000
   1831.5000      0.0000
   1832.5000      0.0000
   1833.5000      0.0000
   1834.5000      0.0000
   1835.5000      0.0000
   1836.5000      0.0000
   1837.5000      0.0000
   1838.5000      0.0000
   1839.5000      0.0000
   1840.5000      0.0000
   1841.5000      0.0000
   1842.5000      0.0000
   1843.5000      0.0000
   1844.5000      0.0000
   1845.5000      0.0000
   1846.5000      0.0000
   1847.5000      0.0000
   1848.5000      0.0000
   1849.5000      0.0000
   1850.5000      0.0000
   1851.5000      0.0000
   1852.5000      0.0000
   1853.5000      0.0000
   1854.5000      0.0000
   1855.5000      0.0000
   1856.5000      0.0000
   1857.5000      0.0000
   1858.5000      0.0000
   1859.5000      0.0000
   1860.5000      0.0000
   1861.5000      0.0000
   1862.5000      0.0000
   1863.5000      0.0000
   1864.5000      0.0000
   1865.5000      0.0000
   1866.5000      0.0000
   1867.5000      0.0000
   1868.5000      0.0000
   1869.5000      0.0000
   1870.5000      0.0000
   1871.5000      0.0000
   1872.5000      0.0000
   1873.5000      0.0000
   1874.5000      0.0000
   1875.5000      0.0000
   1876.5000      0.0000
   1877.5000      0.0000
   1878.5000      0.0000
   1879.5000      0.0000
   1880.5000      0.0000
   1881.5000      0.0000
   1882.5000      0.0000
   1883.5000      0.0000
   1884.5000      0.0000
   1885.5000      0.0000
   1886.5000      0.0000
   1887.5000      0.0000
   1888.5000      0.0000
   1889.5000      0.0000
   1890.5000      0.0000
   1891.5000      0.0000
   1892.5000      0.0000
   1893.5000      0.0000
   1894.5000      0.0000
   1895.5000      0.0000
   1896.5000      0.0000
   1897.5000      0.0000
   1898.5000      0.0000
   1899.5000      0.0000
   1900.5000      0.0000
   1901.5000      0.0000
   1902.5000      0.0000
   1903.5000      0.0000
   1904.5000      0.0000
   1905.5000      0.0000
   1906.5000      0.0000
   1907.5000      0.0000
   1908.5000      0.0000
   1909.5000      0.0000
   1910.5000      0.0000
   1911.5000      0.0000
   1912.5000      0.0000
   1913.5000      0.0000
   1914.5000      0.0000
   1915.5000      0.0000
   1916.5000      0.0000
   1917.5000      0.0000
   1918.5000      0.0000
   1919.5000      0.0000
   1920.5000      0.0000
   1921.5000      0.0000
   1922.5000      0.0000
   1923.5000      0.0000
   1924.5000      0.0000
   1925.5000      0.0000
   1926.5000      0.0000
   1927.5000      0.0000
   1928.5000      0.0000
   1929.5000      0.0000
   1930.5000      0.0000
   1931.5000      0.0000
   1932.5000      0.0024
   1933.5000      0.0073
   1934.5000      0.0120
   1935.5000      0.0192
   1936.5000      0.0311
   1937.5000      0.0502
   1938.5000      0.0812
   1939.5000      0.1289
   1940.5000      0.1981
   1941.5000      0.2931
   1942.5000      0.4187
   1943.5000      0.5771
   1944.5000      0.7703
   1945.5000      1.0195
   1946.5000      1.3515
   1947.5000      1.8695
   1948.5000      2.7045
   1949.5000      3.7955
   1950.5000      5.0045
   1951.5000      6.3140
   1952.5000      7.8115
   1953.5000      9.4615
   1954.5000     11.2400
   1955.5000     13.2400
   1956.5000     15.4850
   1957.5000     18.0550
   1958.5000     21.0100
   1959.5000     24.2150
   1960.5000     27.6750
   1961.5000     31.6850
   1962.5000     36.3150
   1963.5000     41.5850
   1964.5000     47.7350
   1965.5000     54.9300
   1966.5000     63.1550
   1967.5000     72.3900
   1968.5000     82.7700
   1969.5000     94.4350
   1970.5000    107.4500
   1971.5000    121.8000
   1972.5000    137.3000
   1973.5000    154.0500
   1974.5000    172.4500
   1975.5000    192.6000
   1976.5000    213.1500
   1977.5000    232.9000
   1978.5000    251.9000
   1979.5000    270.5000
   1980.5000    287.3500
   1981.5000    304.2500
   1982.5000    321.7000
   1983.5000    338.1500
   1984.5000    355.0000
   1985.5000    372.5000
   1986.5000    389.8000
   1987.5000    408.6500
   1988.5000    428.4500
   1989.5000    448.2500
   1990.5000    466.1500
   1991.5000    481.3000
   1992.5000    494.4000
   1993.5000    504.8000
   1994.5000    513.1000
   1995.5000    519.5500
   1996.5000    525.0500
   1997.5000    529.1500
   1998.5000    532.4000
   1999.5000    534.9500
   2000.5000    537.0500
   2001.5000    538.8500
   2002.5000    539.9500
   2003.5000    540.0500
   2004.5000    539.9000
   2005.5000    539.4000
   2006.5000    537.5000
   2007.5000    534.7000
   2008.5000    531.8000
   2009.5000    528.5372
   2010.5000    524.9436
   2011.5000    521.2056
   2012.5000    517.3257
   2013.5000    513.3235
   2014.5000    509.2172
   2015.5000    505.0246
   2016.5000    500.7576
   2017.5000    496.4237
   2018.5000    492.0304
   2019.5000    487.5855
   2020.5000    483.0962
   2021.5000    478.5602
   2022.5000    473.9785
   2023.5000    469.3636
   2024.5000    464.7260
   2025.5000    460.0750
   2026.5000    455.4203
   2027.5000    450.7669
   2028.5000    446.1159
   2029.5000    441.4692
   2030.5000    436.8291
   2031.5000    432.1981
   2032.5000    427.5699
   2033.5000    422.9417
   2034.5000    418.3216
   2035.5000    413.7161
   2036.5000    409.1311
   2037.5000    404.5729
   2038.5000    400.0436
   2039.5000    395.5424
   2040.5000    391.0689
   2041.5000    386.6238
   2042.5000    382.2075
   2043.5000    377.8132
   2044.5000    373.4373
   2045.5000    369.0857
   2046.5000    364.7632
   2047.5000    360.4738
   2048.5000    356.2222
   2049.5000    352.0095
   2050.5000    347.8340
   2051.5000    343.6948
   2052.5000    339.5922
   2053.5000    335.5261
   2054.5000    331.4903
   2055.5000    327.4807
   2056.5000    323.5021
   2057.5000    319.5584
   2058.5000    315.6529
   2059.5000    311.7891
   2060.5000    307.9677
   2061.5000    304.1869
   2062.5000    300.4456
   2063.5000    296.7434
   2064.5000    293.0799
   2065.5000    289.4492
   2066.5000    285.8475
   2067.5000    282.2788
   2068.5000    278.7462
   2069.5000    275.2523
   2070.5000    271.8002
   2071.5000    268.3901
   2072.5000    265.0204
   2073.5000    261.6898
   2074.5000    258.3978
   2075.5000    255.1439
   2076.5000    251.9229
   2077.5000    248.7312
   2078.5000    245.5723
   2079.5000    242.4486
   2080.5000    239.3625
   2081.5000    236.3164
   2082.5000    233.3108
   2083.5000    230.3441
   2084.5000    227.4149
   2085.5000    224.5222
   2086.5000    221.6655
   2087.5000    218.8399
   2088.5000    216.0421
   2089.5000    213.2747
   2090.5000    210.5397
   2091.5000    207.8389
   2092.5000    205.1741
   2093.5000    202.5453
   2094.5000    199.9507
   2095.5000    197.3892
   2096.5000    194.8600
   2097.5000    192.3625
   2098.5000    189.8923
   2099.5000    187.4468
   2100.5000    185.0281
   2101.5000    182.6380
   2102.5000    180.2780
   2103.5000    177.9498
   2104.5000    175.6532
   2105.5000    173.3870
   2106.5000    171.1500
   2107.5000    168.9417
   2108.5000    166.7614
   2109.5000    164.6055
   2110.5000    162.4717
