         311
   1800.5000      0.0000
   1801.5000      0.0000
   1802.5000      0.0000
   1803.5000      0.0000
   1804.5000      0.0000
   1805.5000      0.0000
   1806.5000      0.0000
   1807.5000      0.0000
   1808.5000      0.0000
   1809.5000      0.0000
   1810.5000      0.0000
   1811.5000      0.0000
   1812.5000      0.0000
   1813.5000      0.0000
   1814.5000      0.0000
   1815.5000      0.0000
   1816.5000      0.0000
   1817.5000      0.0000
   1818.5000      0.0000
   1819.5000      0.0000
   1820.5000      0.0000
   1821.5000      0.0000
   1822.5000      0.0000
   1823.5000      0.0000
   1824.5000      0.0000
   1825.5000      0.0000
   1826.5000      0.0000
   1827.5000      0.0000
   1828.5000      0.0000
   1829.5000      0.0000
   1830.5000      0.0000
   1831.5000      0.0000
   1832.5000      0.0000
   1833.5000      0.0000
   1834.5000      0.0000
   1835.5000      0.0000
   1836.5000      0.0000
   1837.5000      0.0000
   1838.5000      0.0000
   1839.5000      0.0000
   1840.5000      0.0000
   1841.5000      0.0000
   1842.5000      0.0000
   1843.5000      0.0000
   1844.5000      0.0000
   1845.5000      0.0000
   1846.5000      0.0000
   1847.5000      0.0000
   1848.5000      0.0000
   1849.5000      0.0000
   1850.5000      0.0000
   1851.5000      0.0000
   1852.5000      0.0000
   1853.5000      0.0000
   1854.5000      0.0000
   1855.5000      0.0000
   1856.5000      0.0000
   1857.5000      0.0000
   1858.5000      0.0000
   1859.5000      0.0000
   1860.5000      0.0000
   1861.5000      0.0000
   1862.5000      0.0000
   1863.5000      0.0000
   1864.5000      0.0000
   1865.5000      0.0000
   1866.5000      0.0000
   1867.5000      0.0000
   1868.5000      0.0000
   1869.5000      0.0000
   1870.5000      0.0000
   1871.5000      0.0000
   1872.5000      0.0000
   1873.5000      0.0000
   1874.5000      0.0000
   1875.5000      0.0000
   1876.5000      0.0000
   1877.5000      0.0000
   1878.5000      0.0000
   1879.5000      0.0000
   1880.5000      0.0000
   1881.5000      0.0000
   1882.5000      0.0000
   1883.5000      0.0000
   1884.5000      0.0000
   1885.5000      0.0000
   1886.5000      0.0000
   1887.5000      0.0000
   1888.5000      0.0000
   1889.5000      0.0000
   1890.5000      0.0000
   1891.5000      0.0000
   1892.5000      0.0000
   1893.5000      0.0000
   1894.5000      0.0000
   1895.5000      0.0000
   1896.5000      0.0000
   1897.5000      0.0000
   1898.5000      0.0000
   1899.5000      0.0000
   1900.5000      0.0000
   1901.5000      0.0000
   1902.5000      0.0000
   1903.5000      0.0000
   1904.5000      0.0000
   1905.5000      0.0000
   1906.5000      0.0000
   1907.5000      0.0000
   1908.5000      0.0000
   1909.5000      0.0000
   1910.5000      0.0000
   1911.5000      0.0000
   1912.5000      0.0000
   1913.5000      0.0000
   1914.5000      0.0000
   1915.5000      0.0000
   1916.5000      0.0000
   1917.5000      0.0000
   1918.5000      0.0000
   1919.5000      0.0000
   1920.5000      0.0000
   1921.5000      0.0000
   1922.5000      0.0000
   1923.5000      0.0000
   1924.5000      0.0000
   1925.5000      0.0000
   1926.5000      0.0000
   1927.5000      0.0000
   1928.5000      0.0000
   1929.5000      0.0000
   1930.5000      0.0000
   1931.5000      0.0000
   1932.5000      0.0000
   1933.5000      0.0000
   1934.5000      0.0000
   1935.5000      0.0000
   1936.5000      0.0000
   1937.5000      0.0000
   1938.5000      0.0053
   1939.5000      0.0212
   1940.5000      0.0470
   1941.5000      0.0824
   1942.5000      0.1271
   1943.5000      0.1806
   1944.5000      0.2426
   1945.5000      0.3126
   1946.5000      0.3905
   1947.5000      0.4757
   1948.5000      0.5681
   1949.5000      0.6674
   1950.5000      0.7732
   1951.5000      0.8893
   1952.5000      0.9375
   1953.5000      0.9220
   1954.5000      0.9320
   1955.5000      0.9705
   1956.5000      1.0570
   1957.5000      1.1900
   1958.5000      1.3555
   1959.5000      1.5930
   1960.5000      1.9065
   1961.5000      2.2500
   1962.5000      2.6460
   1963.5000      3.1425
   1964.5000      3.7670
   1965.5000      4.5170
   1966.5000      5.4130
   1967.5000      6.4985
   1968.5000      7.8105
   1969.5000      9.4110
   1970.5000     11.2100
   1971.5000     13.1150
   1972.5000     15.1450
   1973.5000     17.3900
   1974.5000     19.9350
   1975.5000     22.5400
   1976.5000     25.2250
   1977.5000     28.2300
   1978.5000     31.5100
   1979.5000     34.9850
   1980.5000     38.6400
   1981.5000     42.4400
   1982.5000     46.1700
   1983.5000     50.0000
   1984.5000     54.1700
   1985.5000     58.4650
   1986.5000     62.8500
   1987.5000     67.4150
   1988.5000     72.4400
   1989.5000     78.2100
   1990.5000     84.3050
   1991.5000     90.4400
   1992.5000     96.7150
   1993.5000    102.1400
   1994.5000    106.6000
   1995.5000    110.4500
   1996.5000    115.8500
   1997.5000    121.9500
   1998.5000    126.3500
   1999.5000    131.7000
   2000.5000    137.4000
   2001.5000    141.9500
   2002.5000    147.4500
   2003.5000    152.9500
   2004.5000    157.4500
   2005.5000    162.2500
   2006.5000    167.7000
   2007.5000    173.9000
   2008.5000    180.5000
   2009.5000    187.2205
   2010.5000    194.0089
   2011.5000    201.0694
   2012.5000    208.3607
   2013.5000    215.8467
   2014.5000    223.4974
   2015.5000    231.2886
   2016.5000    239.1966
   2017.5000    247.1563
   2018.5000    255.0723
   2019.5000    262.8697
   2020.5000    270.4893
   2021.5000    277.8770
   2022.5000    285.0020
   2023.5000    291.8538
   2024.5000    298.4197
   2025.5000    304.6931
   2026.5000    310.6738
   2027.5000    316.3609
   2028.5000    321.7530
   2029.5000    326.8526
   2030.5000    331.6654
   2031.5000    336.1989
   2032.5000    340.2413
   2033.5000    343.4227
   2034.5000    345.4714
   2035.5000    346.1816
   2036.5000    345.4033
   2037.5000    343.0339
   2038.5000    339.0036
   2039.5000    333.2697
   2040.5000    325.8166
   2041.5000    316.6507
   2042.5000    306.0002
   2043.5000    294.2601
   2044.5000    281.7625
   2045.5000    268.7932
   2046.5000    255.5854
   2047.5000    242.3283
   2048.5000    229.1747
   2049.5000    216.2424
   2050.5000    203.6207
   2051.5000    191.3784
   2052.5000    179.5670
   2053.5000    168.2226
   2054.5000    157.3649
   2055.5000    147.0063
   2056.5000    137.1583
   2057.5000    127.8245
   2058.5000    119.0020
   2059.5000    110.6835
   2060.5000    102.8564
   2061.5000     95.5039
   2062.5000     88.6071
   2063.5000     82.1465
   2064.5000     76.1028
   2065.5000     70.4539
   2066.5000     65.1789
   2067.5000     60.2602
   2068.5000     55.6795
   2069.5000     51.4189
   2070.5000     47.4605
   2071.5000     43.7861
   2072.5000     40.3772
   2073.5000     37.2162
   2074.5000     34.2872
   2075.5000     31.5747
   2076.5000     29.0636
   2077.5000     26.7395
   2078.5000     24.5908
   2079.5000     22.6071
   2080.5000     20.7782
   2081.5000     19.0931
   2082.5000     17.5412
   2083.5000     16.1122
   2084.5000     14.7967
   2085.5000     13.5860
   2086.5000     12.4722
   2087.5000     11.4472
   2088.5000     10.5041
   2089.5000      9.6368
   2090.5000      8.8396
   2091.5000      8.1071
   2092.5000      7.4345
   2093.5000      6.8168
   2094.5000      6.2498
   2095.5000      5.7292
   2096.5000      5.2514
   2097.5000      4.8128
   2098.5000      4.4103
   2099.5000      4.0407
   2100.5000      3.7016
   2101.5000      3.3905
   2102.5000      3.1053
   2103.5000      2.8440
   2104.5000      2.6045
   2105.5000      2.3851
   2106.5000      2.1841
   2107.5000      1.9999
   2108.5000      1.8311
   2109.5000      1.6765
   2110.5000      1.5347
