  0.412880E+02
  0.966614E-01
  0.115482E-01
 -0.427264E-04
  0.114609E-01
 -0.322336E-04
  0.120000E+04
  0.140000E+04
  0.191065E+01  0.806654E+02
  0.184858E+00  0.143407E+00
  0.172245E-01  0.114082E-01
 -0.325793E-04 -0.433741E-04
  0.170169E-01  0.104838E-01
 -0.312602E-04 -0.339963E-04
  0.120000E+04  0.130000E+04
  0.130000E+04  0.140000E+04
  0.675182E+00  0.314613E+01  0.205516E+02  0.140779E+03
  0.158068E+00  0.236136E+00  0.235728E+00  0.150391E+00
  0.165079E-01  0.173730E-01  0.174685E-01  0.105372E-01
 -0.442296E-04 -0.301872E-04 -0.566547E-04 -0.444603E-04
  0.176427E-01  0.167800E-01  0.133792E-01  0.909761E-02
 -0.319400E-04 -0.310542E-04 -0.349289E-04 -0.350310E-04
  0.120000E+04  0.125000E+04  0.130000E+04  0.135000E+04
  0.125000E+04  0.130000E+04  0.135000E+04  0.140000E+04
  0.587212E+00  0.504156E+00  0.732838E+00  0.558190E+01  0.214717E+01
  0.139281E+02  0.211453E+02  0.207560E+02  0.111190E+03  0.236308E+03
  0.136375E+00  0.219181E+00  0.222263E+00  0.187925E+00  0.401376E+00
  0.256241E+00  0.257634E+00  0.199375E+00  0.205552E+00  0.150706E+00
  0.189766E-01  0.172322E-01  0.141207E-01  0.140981E-01  0.259737E-01
  0.181963E-01  0.198438E-01  0.147694E-01  0.124512E-01  0.951141E-02
 -0.667137E-04 -0.297209E-04 -0.293168E-04 -0.423107E-04 -0.523946E-04
 -0.574488E-04 -0.720077E-04 -0.479275E-04 -0.483423E-04 -0.442389E-04
  0.174040E-01  0.178565E-01  0.155997E-01  0.154890E-01  0.189041E-01
  0.149298E-01  0.137804E-01  0.111018E-01  0.963473E-02  0.825957E-02
 -0.478302E-04 -0.263436E-04 -0.146212E-04 -0.361877E-04 -0.317459E-04
 -0.419165E-04 -0.378009E-04 -0.221163E-04 -0.346624E-04 -0.375865E-04
  0.120000E+04  0.122000E+04  0.124000E+04  0.126000E+04  0.128000E+04
  0.130000E+04  0.132000E+04  0.134000E+04  0.136000E+04  0.138000E+04
  0.122000E+04  0.124000E+04  0.126000E+04  0.128000E+04  0.130000E+04
  0.132000E+04  0.134000E+04  0.136000E+04  0.138000E+04  0.140000E+04
  0.298891E-01  0.114453E+01  0.902294E+00  0.106017E+00  0.119317E+01
  0.272503E+00  0.646850E+01  0.469530E+01  0.309780E+01  0.119654E+01
  0.206962E+01  0.257866E+02  0.629791E+01  0.359927E+02  0.326113E+02
  0.890073E+01  0.115211E+03  0.107168E+03  0.135470E+03  0.337147E+03
  0.404623E+00  0.181677E+00  0.248830E+00  0.344113E+00  0.135865E+00
  0.600568E+00  0.274657E+00  0.109030E+00  0.425958E+00  0.418903E+00
  0.285444E+00  0.351285E+00  0.377525E+00  0.271518E+00  0.200774E+00
  0.256075E+00  0.221675E+00  0.189610E+00  0.123262E+00  0.182728E+00
  0.151611E-01  0.190941E-01  0.168423E-01  0.198881E-01  0.135927E-01
  0.160874E-01  0.172402E-01  0.988010E-02  0.246151E-01  0.295935E-01
  0.195042E-01  0.180925E-01  0.139668E-01  0.211081E-01  0.139838E-01
  0.177246E-01  0.149078E-01  0.100029E-01  0.121846E-01  0.848362E-02
 -0.535779E-05 -0.686794E-04 -0.404492E-04  0.475014E-04 -0.425424E-04
  0.214896E-04 -0.527283E-04 -0.436842E-04 -0.511716E-04 -0.645196E-04
 -0.616710E-04 -0.571851E-04 -0.110017E-04 -0.881747E-04 -0.465653E-04
 -0.584604E-04 -0.662463E-04 -0.359156E-04 -0.590085E-04 -0.403508E-04
  0.189796E-01  0.170025E-01  0.186607E-01  0.159306E-01  0.176166E-01
  0.136103E-01  0.179920E-01  0.110189E-01  0.173651E-01  0.213890E-01
  0.132172E-01  0.153795E-01  0.122693E-01  0.145617E-01  0.104277E-01
  0.122428E-01  0.107757E-01  0.838954E-02  0.100411E-01  0.733440E-02
 -0.128161E-04 -0.567071E-04 -0.348601E-04 -0.691342E-05 -0.192358E-04
 -0.120450E-04 -0.505353E-04 -0.178919E-04 -0.340849E-04 -0.304614E-04
 -0.246008E-04 -0.466424E-04 -0.132054E-04 -0.506650E-04 -0.226853E-04
 -0.216704E-04 -0.452188E-04 -0.237336E-04 -0.394515E-04 -0.372429E-04
  0.120000E+04  0.121000E+04  0.122000E+04  0.123000E+04  0.124000E+04
  0.125000E+04  0.126000E+04  0.127000E+04  0.128000E+04  0.129000E+04
  0.130000E+04  0.131000E+04  0.132000E+04  0.133000E+04  0.134000E+04
  0.135000E+04  0.136000E+04  0.137000E+04  0.138000E+04  0.139000E+04
  0.121000E+04  0.122000E+04  0.123000E+04  0.124000E+04  0.125000E+04
  0.126000E+04  0.127000E+04  0.128000E+04  0.129000E+04  0.130000E+04
  0.131000E+04  0.132000E+04  0.133000E+04  0.134000E+04  0.135000E+04
  0.136000E+04  0.137000E+04  0.138000E+04  0.139000E+04  0.140000E+04
