  0.301958E+01
  0.632957E-01
  0.181497E-01
 -0.563719E-04
  0.190286E-01
 -0.575066E-04
  0.560000E+03
  0.800000E+03
  0.852443E+03  0.135680E+05  0.287214E+04  0.169786E+04  0.208774E+05
  0.126347E+04  0.109575E+05  0.335659E+03  0.489190E+04  0.860683E+04
  0.537720E+03  0.438100E+04  0.346085E+04  0.129930E+03  0.463856E+04
  0.251866E+03  0.256429E+04  0.485501E+03  0.890461E+03  0.116674E+04
  0.125349E+03  0.457574E+03  0.142291E+03  0.444840E+03  0.301673E+02
  0.392997E+03  0.436753E+02  0.347728E+02  0.612912E+02  0.142595E+03
  0.103720E+02  0.722146E+02  0.315233E+02  0.942401E+01  0.513072E+02
  0.333356E+02  0.282452E+02  0.364795E+01  0.120566E+02  0.524435E+01
  0.766557E+01  0.206654E+01  0.434517E+00  0.484834E-01  0.149319E-01
  0.208170E-01  0.213094E+00  0.411377E-02
  0.198784E+00  0.180681E+00  0.118658E+00  0.119064E+00  0.146603E+00
  0.220406E+00  0.155103E+00  0.976744E-01  0.156269E+00  0.877632E-01
  0.779564E-01  0.103170E+00  0.175775E+00  0.138026E+00  0.107161E+00
  0.886369E-01  0.151599E+00  0.898578E-01  0.108788E+00  0.188239E+00
  0.785380E-01  0.111297E+00  0.126167E+00  0.181797E+00  0.864333E-01
  0.121608E+00  0.136989E+00  0.976423E-01  0.159293E+00  0.167830E+00
  0.165480E+00  0.115992E+00  0.731373E-01  0.759051E-01  0.850304E-01
  0.157206E+00  0.468525E-01  0.928124E-01  0.154442E+00  0.113983E+00
  0.801016E-01  0.925560E-01  0.871279E-01  0.971572E-01  0.948153E-01
  0.978814E-01  0.863140E-01  0.246144E+00
  0.546539E-02 -0.150952E-02  0.268314E-02  0.138377E-01 -0.717680E-03
  0.112103E-01  0.113131E-02  0.214898E-01  0.388605E-02  0.398117E-02
  0.931482E-02  0.654904E-02  0.735371E-02  0.190129E-01  0.104452E-01
  0.917983E-02  0.108637E-01  0.305806E-02  0.163946E-01  0.147688E-01
  0.485485E-02  0.223223E-01  0.567185E-02  0.197775E-01  0.245593E-01
  0.116015E-01  0.269930E-01  0.176268E-01  0.128932E-01  0.134757E-01
  0.391168E-01  0.117135E-01  0.691524E-02  0.202408E-01  0.138023E-01
  0.215678E-01  0.154495E-01  0.854992E-02  0.111647E-01  0.185593E-01
  0.169321E-01  0.212939E-01  0.229009E-01  0.269002E-01  0.290811E-01
  0.295474E-01  0.204218E-01  0.397540E-01
 -0.305711E-04 -0.267166E-05 -0.205244E-04 -0.737412E-04 -0.160900E-04
 -0.383000E-04 -0.199417E-04 -0.984509E-04 -0.224718E-04 -0.349128E-04
 -0.397845E-04 -0.428414E-04 -0.412565E-04 -0.849355E-04 -0.599544E-04
 -0.320908E-04 -0.452531E-04 -0.286591E-04 -0.774278E-04 -0.548061E-04
 -0.244370E-04 -0.105872E-03 -0.875835E-05 -0.674738E-04 -0.109824E-03
 -0.332675E-04 -0.684616E-04  0.476755E-04  0.408936E-04 -0.556738E-04
 -0.146146E-03 -0.428146E-04  0.391166E-05 -0.533799E-04 -0.429577E-04
 -0.848461E-04 -0.735139E-04  0.475512E-05 -0.391524E-04 -0.528768E-04
 -0.566290E-04 -0.659191E-04 -0.583359E-04 -0.489007E-04 -0.799401E-04
 -0.108513E-03 -0.817415E-04 -0.124641E-03
  0.511647E-02 -0.149589E-02  0.168155E-02  0.130626E-01 -0.267983E-02
  0.672956E-02  0.320920E-04  0.194706E-01  0.319870E-02  0.227324E-02
  0.987638E-02  0.464699E-02  0.557515E-02  0.145732E-01  0.912502E-02
  0.727025E-02  0.892842E-02  0.246321E-02  0.123671E-01  0.129566E-01
  0.758092E-02  0.203546E-01  0.613865E-02  0.170817E-01  0.230765E-01
  0.128080E-01  0.221615E-01  0.166057E-01  0.141910E-01  0.141719E-01
  0.311608E-01  0.114747E-01  0.126978E-01  0.242290E-01  0.143966E-01
  0.222507E-01  0.145647E-01  0.163848E-01  0.105427E-01  0.185355E-01
  0.169812E-01  0.200214E-01  0.233600E-01  0.280627E-01  0.313602E-01
  0.293442E-01  0.201411E-01  0.386191E-01
 -0.195751E-04  0.614318E-06 -0.131839E-04 -0.659056E-04 -0.100020E-04
 -0.254160E-04 -0.142042E-04 -0.884293E-04 -0.141881E-04 -0.279176E-04
 -0.300722E-04 -0.313475E-04 -0.318919E-04 -0.679308E-04 -0.488824E-04
 -0.218240E-04 -0.423678E-04 -0.108001E-04 -0.595518E-04 -0.578809E-04
 -0.244881E-04 -0.937841E-04 -0.908428E-05 -0.729140E-04 -0.927663E-04
 -0.450776E-04 -0.636769E-04 -0.114250E-04 -0.409253E-05 -0.570420E-04
 -0.103645E-03 -0.316653E-04  0.907677E-05 -0.627932E-04 -0.343476E-04
 -0.757366E-04 -0.433972E-04  0.284288E-04 -0.359012E-04 -0.326903E-04
 -0.517480E-04 -0.645067E-04 -0.709235E-04 -0.729186E-04 -0.904949E-04
 -0.971933E-04 -0.682280E-04 -0.131039E-03
  0.160000E+03  0.170000E+03  0.180000E+03  0.190000E+03  0.200000E+03
  0.210000E+03  0.220000E+03  0.230000E+03  0.240000E+03  0.250000E+03
  0.260000E+03  0.270000E+03  0.280000E+03  0.290000E+03  0.300000E+03
  0.310000E+03  0.320000E+03  0.330000E+03  0.340000E+03  0.350000E+03
  0.360000E+03  0.370000E+03  0.380000E+03  0.390000E+03  0.400000E+03
  0.410000E+03  0.420000E+03  0.430000E+03  0.440000E+03  0.450000E+03
  0.460000E+03  0.470000E+03  0.480000E+03  0.490000E+03  0.500000E+03
  0.510000E+03  0.520000E+03  0.530000E+03  0.540000E+03  0.550000E+03
  0.560000E+03  0.630000E+03  0.700000E+03  0.800000E+03  0.900000E+03
  0.990000E+03  0.107000E+04  0.227000E+04
  0.170000E+03  0.180000E+03  0.190000E+03  0.200000E+03  0.210000E+03
  0.220000E+03  0.230000E+03  0.240000E+03  0.250000E+03  0.260000E+03
  0.270000E+03  0.280000E+03  0.290000E+03  0.300000E+03  0.310000E+03
  0.320000E+03  0.330000E+03  0.340000E+03  0.350000E+03  0.360000E+03
  0.370000E+03  0.380000E+03  0.390000E+03  0.400000E+03  0.410000E+03
  0.420000E+03  0.430000E+03  0.440000E+03  0.450000E+03  0.460000E+03
  0.470000E+03  0.480000E+03  0.490000E+03  0.500000E+03  0.510000E+03
  0.520000E+03  0.530000E+03  0.540000E+03  0.550000E+03  0.560000E+03
  0.630000E+03  0.700000E+03  0.800000E+03  0.900000E+03  0.990000E+03
  0.107000E+04  0.120000E+04  0.238000E+04
