  0.303048E+01
  0.633003E-01
  0.181361E-01
 -0.563084E-04
  0.190160E-01
 -0.574556E-04
  0.560000E+03
  0.800000E+03
  0.347839E+02
  0.151998E+05  0.332049E+04  0.526971E+03  0.163056E+03  0.268698E+03
  0.525512E+02  0.267972E+02  0.117653E+02  0.769374E+01  0.207347E+01
  0.436111E+00  0.486557E-01  0.149839E-01  0.208859E-01  0.213994E+00
  0.411377E-02
  0.156626E+00  0.121214E+00  0.106041E+00  0.102696E+00  0.130106E+00
  0.125977E+00  0.924532E-01  0.758848E-01  0.801078E-01  0.925801E-01
  0.871212E-01  0.971485E-01  0.948122E-01  0.979028E-01  0.863083E-01
  0.246144E+00
 -0.534632E-03  0.679130E-02  0.145095E-01  0.928332E-02  0.120697E-01
  0.159191E-01  0.175239E-01  0.150708E-01  0.169191E-01  0.212791E-01
  0.228860E-01  0.268843E-01  0.290691E-01  0.295375E-01  0.204095E-01
  0.397540E-01
 -0.124246E-04 -0.337232E-04 -0.452213E-04 -0.233748E-04 -0.387528E-04
 -0.152874E-04  0.181160E-04 -0.499820E-04 -0.565675E-04 -0.658376E-04
 -0.582841E-04 -0.488377E-04 -0.799114E-04 -0.108471E-03 -0.816965E-04
 -0.124641E-03
 -0.152854E-02  0.607607E-02  0.134403E-01  0.882810E-02  0.133579E-01
  0.164403E-01  0.199834E-01  0.159606E-01  0.169686E-01  0.200086E-01
  0.233479E-01  0.280500E-01  0.313482E-01  0.293334E-01  0.201281E-01
  0.386191E-01
 -0.722716E-05 -0.295919E-04 -0.505120E-04 -0.278532E-04 -0.498659E-04
 -0.340396E-04 -0.341553E-04 -0.281647E-04 -0.517000E-04 -0.644504E-04
 -0.708746E-04 -0.728627E-04 -0.904533E-04 -0.971527E-04 -0.681793E-04
 -0.131039E-03
  0.000000E+00  0.000000E+00  0.000000E+00  0.000000E+00  0.000000E+00
  0.000000E+00  0.000000E+00  0.000000E+00  0.560000E+03  0.630000E+03
  0.700000E+03  0.800000E+03  0.900000E+03  0.990000E+03  0.107000E+04
  0.227000E+04
  0.000000E+00  0.000000E+00  0.000000E+00  0.000000E+00  0.000000E+00
  0.000000E+00  0.000000E+00  0.000000E+00  0.630000E+03  0.700000E+03
  0.800000E+03  0.900000E+03  0.990000E+03  0.107000E+04  0.120000E+04
  0.238000E+04
  0.000000E+00  0.000000E+00  0.000000E+00  0.000000E+00  0.188625E+03
  0.144293E+03  0.174098E+03  0.909365E+02  0.565430E+02  0.343645E+02
  0.198461E+02  0.113124E+02  0.754175E+01  0.589554E+01  0.495227E+01
  0.000000E+00
