  0.308562E+01
  0.503352E-01
  0.180524E-01
 -0.556925E-04
  0.186362E-01
 -0.572090E-04
  0.560000E+03
  0.800000E+03
  0.849130E+03  0.135587E+05  0.286836E+04  0.169580E+04  0.208642E+05
  0.126034E+04  0.109494E+05  0.335111E+03  0.488806E+04  0.860045E+04
  0.537333E+03  0.437769E+04  0.345836E+04  0.129538E+03  0.463562E+04
  0.251489E+03  0.256264E+04  0.485091E+03  0.889881E+03  0.116598E+04
  0.125244E+03  0.457264E+03  0.142197E+03  0.444551E+03  0.301446E+02
  0.392750E+03  0.436426E+02  0.347449E+02  0.612509E+02  0.142506E+03
  0.103643E+02  0.721701E+02  0.315040E+02  0.941759E+01  0.540473E+02
  0.350084E+02  0.300816E+02  0.379020E+01  0.125727E+02  0.545869E+01
  0.788160E+01  0.207769E+01  0.433980E+00  0.499718E-01  0.166671E-01
  0.213073E-01  0.210228E+00  0.458804E-02
  0.175174E+00  0.176667E+00  0.109512E+00  0.111893E+00  0.145289E+00
  0.203190E+00  0.151547E+00  0.911103E-01  0.151444E+00  0.850764E-01
  0.756520E-01  0.100377E+00  0.171557E+00  0.125429E+00  0.105915E+00
  0.816331E-01  0.149472E+00  0.857054E-01  0.107092E+00  0.185458E+00
  0.753818E-01  0.108639E+00  0.123934E+00  0.178712E+00  0.833855E-01
  0.119886E+00  0.133082E+00  0.935851E-01  0.156848E+00  0.166457E+00
  0.162215E+00  0.114845E+00  0.724304E-01  0.740525E-01  0.734090E-01
  0.141319E+00  0.359408E-01  0.833614E-01  0.128919E+00  0.996329E-01
  0.676888E-01  0.690856E-01  0.660847E-01  0.730849E-01  0.654438E-01
  0.848294E-01  0.852442E-01  0.242787E+00
  0.549325E-02 -0.150653E-02  0.268788E-02  0.138495E-01 -0.714528E-03
  0.112319E-01  0.113418E-02  0.215116E-01  0.388898E-02  0.398385E-02
  0.931768E-02  0.655185E-02  0.735642E-02  0.190346E-01  0.104483E-01
  0.917671E-02  0.108668E-01  0.305797E-02  0.163975E-01  0.147718E-01
  0.485502E-02  0.223258E-01  0.567357E-02  0.197808E-01  0.245634E-01
  0.116045E-01  0.269989E-01  0.176298E-01  0.128961E-01  0.134788E-01
  0.391238E-01  0.117165E-01  0.691808E-02  0.202443E-01  0.137798E-01
  0.215153E-01  0.154358E-01  0.850256E-02  0.111306E-01  0.185757E-01
  0.168938E-01  0.211805E-01  0.224487E-01  0.257983E-01  0.282393E-01
  0.293678E-01  0.204784E-01  0.383510E-01
 -0.305151E-04 -0.244741E-05 -0.203093E-04 -0.736015E-04 -0.158662E-04
 -0.381826E-04 -0.197166E-04 -0.984160E-04 -0.222455E-04 -0.346880E-04
 -0.395593E-04 -0.426165E-04 -0.410312E-04 -0.848479E-04 -0.597304E-04
 -0.318474E-04 -0.450295E-04 -0.284497E-04 -0.772035E-04 -0.545821E-04
 -0.242272E-04 -0.105653E-03 -0.854473E-05 -0.672510E-04 -0.109627E-03
 -0.330446E-04 -0.682675E-04  0.479154E-04  0.411211E-04 -0.554504E-04
 -0.145967E-03 -0.425913E-04  0.413272E-05 -0.531586E-04 -0.429814E-04
 -0.847248E-04 -0.733456E-04  0.403362E-05 -0.389712E-04 -0.531450E-04
 -0.560515E-04 -0.645812E-04 -0.559626E-04 -0.456728E-04 -0.789113E-04
 -0.105722E-03 -0.811760E-04 -0.103490E-03
  0.541966E-02 -0.153876E-02  0.158818E-02  0.133698E-01 -0.270746E-02
  0.691660E-02  0.485749E-05  0.199036E-01  0.319826E-02  0.220802E-02
  0.985921E-02  0.462151E-02  0.554947E-02  0.149315E-01  0.911982E-02
  0.696417E-02  0.892579E-02  0.222579E-02  0.123105E-01  0.129295E-01
  0.745423E-02  0.203878E-01  0.597427E-02  0.170838E-01  0.231443E-01
  0.127692E-01  0.222678E-01  0.165331E-01  0.141333E-01  0.141307E-01
  0.312569E-01  0.114137E-01  0.126050E-01  0.242966E-01  0.145196E-01
  0.224802E-01  0.150399E-01  0.173815E-01  0.103438E-01  0.188690E-01
  0.167743E-01  0.195884E-01  0.228968E-01  0.274106E-01  0.305775E-01
  0.292968E-01  0.201658E-01  0.373711E-01
 -0.202513E-04  0.948663E-06 -0.130243E-04 -0.678688E-04 -0.986181E-05
 -0.258818E-04 -0.139292E-04 -0.916890E-04 -0.138148E-04 -0.275165E-04
 -0.298451E-04 -0.310005E-04 -0.314745E-04 -0.695971E-04 -0.486158E-04
 -0.198383E-04 -0.421494E-04 -0.102396E-04 -0.591516E-04 -0.575729E-04
 -0.238464E-04 -0.938688E-04 -0.885666E-05 -0.728295E-04 -0.938897E-04
 -0.448622E-04 -0.642904E-04 -0.102699E-04 -0.348743E-05 -0.568427E-04
 -0.104122E-03 -0.313943E-04  0.939109E-05 -0.631332E-04 -0.325944E-04
 -0.757699E-04 -0.398066E-04  0.285026E-04 -0.355222E-04 -0.266443E-04
 -0.510390E-04 -0.643921E-04 -0.722986E-04 -0.742483E-04 -0.903545E-04
 -0.102420E-03 -0.702446E-04 -0.120756E-03
  0.160000E+03  0.170000E+03  0.180000E+03  0.190000E+03  0.200000E+03
  0.210000E+03  0.220000E+03  0.230000E+03  0.240000E+03  0.250000E+03
  0.260000E+03  0.270000E+03  0.280000E+03  0.290000E+03  0.300000E+03
  0.310000E+03  0.320000E+03  0.330000E+03  0.340000E+03  0.350000E+03
  0.360000E+03  0.370000E+03  0.380000E+03  0.390000E+03  0.400000E+03
  0.410000E+03  0.420000E+03  0.430000E+03  0.440000E+03  0.450000E+03
  0.460000E+03  0.470000E+03  0.480000E+03  0.490000E+03  0.500000E+03
  0.510000E+03  0.520000E+03  0.530000E+03  0.540000E+03  0.550000E+03
  0.560000E+03  0.630000E+03  0.700000E+03  0.800000E+03  0.900000E+03
  0.990000E+03  0.107000E+04  0.227000E+04
  0.170000E+03  0.180000E+03  0.190000E+03  0.200000E+03  0.210000E+03
  0.220000E+03  0.230000E+03  0.240000E+03  0.250000E+03  0.260000E+03
  0.270000E+03  0.280000E+03  0.290000E+03  0.300000E+03  0.310000E+03
  0.320000E+03  0.330000E+03  0.340000E+03  0.350000E+03  0.360000E+03
  0.370000E+03  0.380000E+03  0.390000E+03  0.400000E+03  0.410000E+03
  0.420000E+03  0.430000E+03  0.440000E+03  0.450000E+03  0.460000E+03
  0.470000E+03  0.480000E+03  0.490000E+03  0.500000E+03  0.510000E+03
  0.520000E+03  0.530000E+03  0.540000E+03  0.550000E+03  0.560000E+03
  0.630000E+03  0.700000E+03  0.800000E+03  0.900000E+03  0.990000E+03
  0.107000E+04  0.120000E+04  0.238000E+04
