         311
   1800.5000    273.6748
   1801.5000    273.6976
   1802.5000    273.7208
   1803.5000    273.7443
   1804.5000    273.7682
   1805.5000    273.7927
   1806.5000    273.8176
   1807.5000    273.8430
   1808.5000    273.8689
   1809.5000    273.8953
   1810.5000    273.9223
   1811.5000    273.9498
   1812.5000    273.9779
   1813.5000    274.0067
   1814.5000    274.0360
   1815.5000    274.0661
   1816.5000    274.0967
   1817.5000    274.1281
   1818.5000    274.1602
   1819.5000    274.1931
   1820.5000    274.2266
   1821.5000    274.2609
   1822.5000    274.2960
   1823.5000    274.3318
   1824.5000    274.3685
   1825.5000    274.4060
   1826.5000    274.4443
   1827.5000    274.4835
   1828.5000    274.5236
   1829.5000    274.5646
   1830.5000    274.6065
   1831.5000    274.6493
   1832.5000    274.6931
   1833.5000    274.7378
   1834.5000    274.7835
   1835.5000    274.8302
   1836.5000    274.8779
   1837.5000    274.9267
   1838.5000    274.9766
   1839.5000    275.0275
   1840.5000    275.0797
   1841.5000    275.1364
   1842.5000    275.2022
   1843.5000    275.2731
   1844.5000    275.3371
   1845.5000    275.3805
   1846.5000    275.3984
   1847.5000    275.4013
   1848.5000    275.4008
   1849.5000    275.4003
   1850.5000    275.4250
   1851.5000    275.5000
   1852.5000    275.6000
   1853.5000    275.7000
   1854.5000    275.8000
   1855.5000    275.9000
   1856.5000    276.0000
   1857.5000    276.1000
   1858.5000    276.2000
   1859.5000    276.3000
   1860.5000    276.4000
   1861.5000    276.5000
   1862.5000    276.6000
   1863.5000    276.7000
   1864.5000    276.8000
   1865.5000    276.9000
   1866.5000    277.0000
   1867.5000    277.1000
   1868.5000    277.2000
   1869.5000    277.3000
   1870.5000    277.3750
   1871.5000    277.4250
   1872.5000    277.5000
   1873.5000    277.6000
   1874.5000    277.7000
   1875.5000    277.7750
   1876.5000    277.8250
   1877.5000    277.9000
   1878.5000    278.0000
   1879.5000    278.1000
   1880.5000    278.2000
   1881.5000    278.3000
   1882.5000    278.4000
   1883.5000    278.5000
   1884.5000    278.6000
   1885.5000    278.7000
   1886.5000    278.8000
   1887.5000    278.8750
   1888.5000    278.9250
   1889.5000    279.0000
   1890.5000    279.1000
   1891.5000    279.2000
   1892.5000    279.3000
   1893.5000    279.3750
   1894.5000    279.4250
   1895.5000    279.4750
   1896.5000    279.5250
   1897.5000    279.6000
   1898.5000    279.6750
   1899.5000    279.7250
   1900.5000    279.8000
   1901.5000    279.9000
   1902.5000    280.0000
   1903.5000    280.1000
   1904.5000    280.2000
   1905.5000    280.3000
   1906.5000    280.4000
   1907.5000    280.5250
   1908.5000    280.6750
   1909.5000    280.8250
   1910.5000    280.9750
   1911.5000    281.1250
   1912.5000    281.3000
   1913.5000    281.4750
   1914.5000    281.6250
   1915.5000    281.8000
   1916.5000    282.0000
   1917.5000    282.2250
   1918.5000    282.4750
   1919.5000    282.7000
   1920.5000    282.9250
   1921.5000    283.1750
   1922.5000    283.4000
   1923.5000    283.6000
   1924.5000    283.8000
   1925.5000    284.0000
   1926.5000    284.2250
   1927.5000    284.4500
   1928.5000    284.6250
   1929.5000    284.8000
   1930.5000    284.9750
   1931.5000    285.1250
   1932.5000    285.3000
   1933.5000    285.5000
   1934.5000    285.7000
   1935.5000    285.9000
   1936.5000    286.1000
   1937.5000    286.2750
   1938.5000    286.4250
   1939.5000    286.5750
   1940.5000    286.7250
   1941.5000    286.9000
   1942.5000    287.1000
   1943.5000    287.3000
   1944.5000    287.5250
   1945.5000    287.7750
   1946.5000    288.0250
   1947.5000    288.2750
   1948.5000    288.5250
   1949.5000    288.7750
   1950.5000    289.0000
   1951.5000    289.2000
   1952.5000    289.4250
   1953.5000    289.6750
   1954.5000    289.9000
   1955.5000    290.1250
   1956.5000    290.3750
   1957.5000    290.6000
   1958.5000    290.8250
   1959.5000    291.1000
   1960.5000    291.4000
   1961.5000    291.6750
   1962.5000    291.9250
   1963.5000    292.2250
   1964.5000    292.6000
   1965.5000    293.0000
   1966.5000    293.4000
   1967.5000    293.8000
   1968.5000    294.2250
   1969.5000    294.7000
   1970.5000    295.2000
   1971.5000    295.7000
   1972.5000    296.2250
   1973.5000    296.8000
   1974.5000    297.4000
   1975.5000    298.0000
   1976.5000    298.6500
   1977.5000    299.3600
   1978.5000    300.0825
   1979.5000    300.7400
   1980.5000    301.3825
   1981.5000    302.2200
   1982.5000    303.0975
   1983.5000    303.8050
   1984.5000    304.3975
   1985.5000    305.0875
   1986.5000    305.7725
   1987.5000    306.2625
   1988.5000    307.1950
   1989.5000    308.5075
   1990.5000    309.4850
   1991.5000    310.1125
   1992.5000    310.6025
   1993.5000    311.0775
   1994.5000    311.6025
   1995.5000    312.2950
   1996.5000    313.0475
   1997.5000    313.7600
   1998.5000    314.5325
   1999.5000    315.2575
   2000.5000    315.8500
   2001.5000    316.4875
   2002.5000    317.2450
   2003.5000    318.0175
   2004.5000    318.7100
   2005.5000    319.4400
   2006.5000    320.1997
   2007.5000    320.8895
   2008.5000    321.5805
   2009.5000    322.2729
   2010.5000    322.9665
   2011.5000    323.6613
   2012.5000    324.3578
   2013.5000    325.0557
   2014.5000    325.7552
   2015.5000    326.4561
   2016.5000    327.1587
   2017.5000    327.8626
   2018.5000    328.5681
   2019.5000    329.2750
   2020.5000    329.9834
   2021.5000    330.6932
   2022.5000    331.4041
   2023.5000    332.1158
   2024.5000    332.8282
   2025.5000    333.5414
   2026.5000    334.2553
   2027.5000    334.9700
   2028.5000    335.6853
   2029.5000    336.4014
   2030.5000    337.1181
   2031.5000    337.8356
   2032.5000    338.5514
   2033.5000    339.2634
   2034.5000    339.9714
   2035.5000    340.6756
   2036.5000    341.3759
   2037.5000    342.0724
   2038.5000    342.7650
   2039.5000    343.4537
   2040.5000    344.1388
   2041.5000    344.8201
   2042.5000    345.4955
   2043.5000    346.1626
   2044.5000    346.8217
   2045.5000    347.4726
   2046.5000    348.1154
   2047.5000    348.7503
   2048.5000    349.3772
   2049.5000    349.9963
   2050.5000    350.6075
   2051.5000    351.2111
   2052.5000    351.8072
   2053.5000    352.3961
   2054.5000    352.9778
   2055.5000    353.5525
   2056.5000    354.1202
   2057.5000    354.6810
   2058.5000    355.2349
   2059.5000    355.7820
   2060.5000    356.3224
   2061.5000    356.8560
   2062.5000    357.3824
   2063.5000    357.9009
   2064.5000    358.4115
   2065.5000    358.9143
   2066.5000    359.4093
   2067.5000    359.8967
   2068.5000    360.3765
   2069.5000    360.8488
   2070.5000    361.3136
   2071.5000    361.7710
   2072.5000    362.2204
   2073.5000    362.6611
   2074.5000    363.0934
   2075.5000    363.5171
   2076.5000    363.9324
   2077.5000    364.3394
   2078.5000    364.7381
   2079.5000    365.1286
   2080.5000    365.5110
   2081.5000    365.8854
   2082.5000    366.2538
   2083.5000    366.6183
   2084.5000    366.9792
   2085.5000    367.3362
   2086.5000    367.6897
   2087.5000    368.0395
   2088.5000    368.3858
   2089.5000    368.7285
   2090.5000    369.0677
   2091.5000    369.4035
   2092.5000    369.7358
   2093.5000    370.0647
   2094.5000    370.3902
   2095.5000    370.7124
   2096.5000    371.0312
   2097.5000    371.3467
   2098.5000    371.6590
   2099.5000    371.9680
   2100.5000    372.2738
   2101.5000    372.5765
   2102.5000    372.8738
   2103.5000    373.1638
   2104.5000    373.4465
   2105.5000    373.7219
   2106.5000    373.9900
   2107.5000    374.2509
   2108.5000    374.5046
   2109.5000    374.7513
   2110.5000    374.9909
