  0.3240000000E-02  0.3240000000E-02  0.3290000000E-02  0.3630000000E-02
  0.3670000000E-02  0.4100000000E-02  0.4600000000E-02  0.4560000000E-02
  0.5070000000E-02  0.5500000000E-02  0.5070000000E-02  0.4560000000E-02
  0.4600000000E-02  0.4100000000E-02  0.3670000000E-02  0.3630000000E-02
  0.3290000000E-02  0.3240000000E-02  0.3240000000E-02
  0.4270000000E-02  0.4310000000E-02  0.4560000000E-02  0.4770000000E-02
  0.4900000000E-02  0.5070000000E-02  0.5380000000E-02  0.5330000000E-02
  0.5770000000E-02  0.6270000000E-02  0.5770000000E-02  0.5330000000E-02
  0.5380000000E-02  0.5070000000E-02  0.4900000000E-02  0.4770000000E-02
  0.4560000000E-02  0.4310000000E-02  0.4270000000E-02
  0.5860000000E-02  0.5920000000E-02  0.6160000000E-02  0.6420000000E-02
  0.6660000000E-02  0.6780000000E-02  0.7170000000E-02  0.7270000000E-02
  0.7410000000E-02  0.8050000000E-02  0.7410000000E-02  0.7270000000E-02
  0.7170000000E-02  0.6780000000E-02  0.6660000000E-02  0.6420000000E-02
  0.6160000000E-02  0.5920000000E-02  0.5860000000E-02
  0.8220000000E-02  0.8370000000E-02  0.8690000000E-02  0.8950000000E-02
  0.9340000000E-02  0.9580000000E-02  0.9580000000E-02  0.1023000000E-01
  0.1062000000E-01  0.1126000000E-01  0.1062000000E-01  0.1023000000E-01
  0.9580000000E-02  0.9580000000E-02  0.9340000000E-02  0.8950000000E-02
  0.8690000000E-02  0.8370000000E-02  0.8220000000E-02
  0.1397000000E-01  0.1411000000E-01  0.1498000000E-01  0.1511000000E-01
  0.1524000000E-01  0.1552000000E-01  0.1552000000E-01  0.1550000000E-01
  0.1637000000E-01  0.1677000000E-01  0.1637000000E-01  0.1550000000E-01
  0.1552000000E-01  0.1552000000E-01  0.1524000000E-01  0.1511000000E-01
  0.1498000000E-01  0.1411000000E-01  0.1397000000E-01
  0.1878000000E-01  0.1878000000E-01  0.1978000000E-01  0.1978000000E-01
  0.1980000000E-01  0.2080000000E-01  0.2080000000E-01  0.2080000000E-01
  0.2177000000E-01  0.2281000000E-01  0.2177000000E-01  0.2080000000E-01
  0.2080000000E-01  0.2080000000E-01  0.1980000000E-01  0.1978000000E-01
  0.1978000000E-01  0.1878000000E-01  0.1878000000E-01
  0.2350000000E-01  0.2347000000E-01  0.2447000000E-01  0.2447000000E-01
  0.2512000000E-01  0.2522000000E-01  0.2522000000E-01  0.2522000000E-01
  0.2557000000E-01  0.2724000000E-01  0.2557000000E-01  0.2522000000E-01
  0.2522000000E-01  0.2522000000E-01  0.2512000000E-01  0.2447000000E-01
  0.2447000000E-01  0.2347000000E-01  0.2350000000E-01
  0.2716000000E-01  0.2774000000E-01  0.2874000000E-01  0.2875000000E-01
  0.2874000000E-01  0.2876000000E-01  0.2877000000E-01  0.2879000000E-01
  0.2982000000E-01  0.3021000000E-01  0.2982000000E-01  0.2879000000E-01
  0.2877000000E-01  0.2876000000E-01  0.2874000000E-01  0.2875000000E-01
  0.2874000000E-01  0.2774000000E-01  0.2716000000E-01
  0.3843000000E-01  0.4047000000E-01  0.4157000000E-01  0.4064000000E-01
  0.3950000000E-01  0.3724000000E-01  0.3588000000E-01  0.3405000000E-01
  0.3411000000E-01  0.3309000000E-01  0.3411000000E-01  0.3405000000E-01
  0.3588000000E-01  0.3724000000E-01  0.3950000000E-01  0.4064000000E-01
  0.4157000000E-01  0.4047000000E-01  0.3843000000E-01
  0.5506000000E-01  0.5766000000E-01  0.6026000000E-01  0.6014000000E-01
  0.5719000000E-01  0.5090000000E-01  0.4493000000E-01  0.4129000000E-01
  0.3927000000E-01  0.3730000000E-01  0.3927000000E-01  0.4129000000E-01
  0.4493000000E-01  0.5090000000E-01  0.5719000000E-01  0.6014000000E-01
  0.6026000000E-01  0.5766000000E-01  0.5506000000E-01
  0.6481000000E-01  0.6788000000E-01  0.7298000000E-01  0.7755000000E-01
  0.7381000000E-01  0.6704000000E-01  0.5950000000E-01  0.5391000000E-01
  0.5035000000E-01  0.4776000000E-01  0.5035000000E-01  0.5391000000E-01
  0.5950000000E-01  0.6704000000E-01  0.7381000000E-01  0.7755000000E-01
  0.7298000000E-01  0.6788000000E-01  0.6481000000E-01
  0.7057000000E-01  0.7391000000E-01  0.8064000000E-01  0.9259000000E-01
  0.9406000000E-01  0.7990000000E-01  0.7291000000E-01  0.6682000000E-01
  0.6451000000E-01  0.6287000000E-01  0.6451000000E-01  0.6682000000E-01
  0.7291000000E-01  0.7990000000E-01  0.9406000000E-01  0.9259000000E-01
  0.8064000000E-01  0.7391000000E-01  0.7057000000E-01
  0.7297000000E-01  0.7677000000E-01  0.8461000000E-01  0.9956000000E-01
  0.1055500000E+00  0.1000800000E+00  0.9353000000E-01  0.9078000000E-01
  0.8968000000E-01  0.8898000000E-01  0.8968000000E-01  0.9078000000E-01
  0.9353000000E-01  0.1000800000E+00  0.1055500000E+00  0.9956000000E-01
  0.8461000000E-01  0.7677000000E-01  0.7297000000E-01
  0.7400000000E-01  0.7793000000E-01  0.8584000000E-01  0.9997000000E-01
  0.1095100000E+00  0.1156500000E+00  0.1185300000E+00  0.1177700000E+00
  0.1187500000E+00  0.1231500000E+00  0.1187500000E+00  0.1177700000E+00
  0.1185300000E+00  0.1156500000E+00  0.1095100000E+00  0.9997000000E-01
  0.8584000000E-01  0.7793000000E-01  0.7400000000E-01
  0.7466000000E-01  0.7780000000E-01  0.8497000000E-01  0.9760000000E-01
  0.1088700000E+00  0.1187200000E+00  0.1275400000E+00  0.1305700000E+00
  0.1344600000E+00  0.1408100000E+00  0.1344600000E+00  0.1304900000E+00
  0.1275900000E+00  0.1187500000E+00  0.1089500000E+00  0.9777000000E-01
  0.8511000000E-01  0.7781000000E-01  0.7474000000E-01
  0.7333000000E-01  0.7608000000E-01  0.8445000000E-01  0.9375000000E-01
  0.1059800000E+00  0.1159400000E+00  0.1270700000E+00  0.1338000000E+00
  0.1399900000E+00  0.1439900000E+00  0.1401800000E+00  0.1345900000E+00
  0.1267300000E+00  0.1156700000E+00  0.1054100000E+00  0.9257000000E-01
  0.8339000000E-01  0.7601000000E-01  0.7276000000E-01
  0.7390000000E-01  0.7499000000E-01  0.8505000000E-01  0.9444000000E-01
  0.1027100000E+00  0.1116500000E+00  0.1245900000E+00  0.1331400000E+00
  0.1421800000E+00  0.1472500000E+00  0.1408900000E+00  0.1364500000E+00
  0.1216400000E+00  0.1100200000E+00  0.9789000000E-01  0.8496000000E-01
  0.7831000000E-01  0.7379000000E-01  0.6910000000E-01
  0.7386000000E-01  0.7395000000E-01  0.7954000000E-01  0.9226000000E-01
  0.9851000000E-01  0.1054400000E+00  0.1179600000E+00  0.1289600000E+00
  0.1394300000E+00  0.1380400000E+00  0.1298400000E+00  0.1254900000E+00
  0.1133000000E+00  0.1040100000E+00  0.9064000000E-01  0.7854000000E-01
  0.7491000000E-01  0.7008000000E-01  0.6590000000E-01
  0.7229000000E-01  0.7226000000E-01  0.7546000000E-01  0.8909000000E-01
  0.9589000000E-01  0.9937000000E-01  0.1062700000E+00  0.1112900000E+00
  0.1179200000E+00  0.1147200000E+00  0.1085600000E+00  0.1086000000E+00
  0.1019400000E+00  0.9492000000E-01  0.8610000000E-01  0.7510000000E-01
  0.7056000000E-01  0.6556000000E-01  0.6163000000E-01
  0.7121000000E-01  0.7118000000E-01  0.7416000000E-01  0.8117000000E-01
  0.8754000000E-01  0.8741000000E-01  0.8857000000E-01  0.8466000000E-01
  0.8522000000E-01  0.8021000000E-01  0.8021000000E-01  0.8203000000E-01
  0.8084000000E-01  0.7936000000E-01  0.7601000000E-01  0.6885000000E-01
  0.6535000000E-01  0.6106000000E-01  0.5858000000E-01
  0.6981000000E-01  0.7045000000E-01  0.7284000000E-01  0.7546000000E-01
  0.7806000000E-01  0.7359000000E-01  0.7155000000E-01  0.6004000000E-01
  0.5299000000E-01  0.4807000000E-01  0.4913000000E-01  0.5470000000E-01
  0.5694000000E-01  0.5844000000E-01  0.6317000000E-01  0.6071000000E-01
  0.5835000000E-01  0.5640000000E-01  0.5592000000E-01
  0.6478000000E-01  0.6712000000E-01  0.6747000000E-01  0.6828000000E-01
  0.6592000000E-01  0.5568000000E-01  0.4764000000E-01  0.3704000000E-01
  0.2932000000E-01  0.2562000000E-01  0.2577000000E-01  0.3365000000E-01
  0.3855000000E-01  0.4339000000E-01  0.4893000000E-01  0.5147000000E-01
  0.5167000000E-01  0.5287000000E-01  0.5242000000E-01
  0.5795000000E-01  0.5931000000E-01  0.5747000000E-01  0.5707000000E-01
  0.4999000000E-01  0.3808000000E-01  0.2441000000E-01  0.1801000000E-01
  0.1311000000E-01  0.1088000000E-01  0.1125000000E-01  0.1797000000E-01
  0.2308000000E-01  0.3076000000E-01  0.3576000000E-01  0.4092000000E-01
  0.4383000000E-01  0.4859000000E-01  0.4699000000E-01
  0.4921000000E-01  0.4656000000E-01  0.4353000000E-01  0.4225000000E-01
  0.3219000000E-01  0.2367000000E-01  0.9890000000E-02  0.6190000000E-02
  0.3830000000E-02  0.2960000000E-02  0.3800000000E-02  0.7030000000E-02
  0.9500000000E-02  0.1695000000E-01  0.2387000000E-01  0.2938000000E-01
  0.3324000000E-01  0.3948000000E-01  0.3855000000E-01
  0.3902000000E-01  0.3527000000E-01  0.3213000000E-01  0.3027000000E-01
  0.2153000000E-01  0.1461000000E-01  0.5200000000E-02  0.2240000000E-02
  0.1590000000E-02  0.9600000000E-03  0.1180000000E-02  0.2330000000E-02
  0.3430000000E-02  0.8440000000E-02  0.1443000000E-01  0.2114000000E-01
  0.2418000000E-01  0.2750000000E-01  0.3019000000E-01
  0.2815000000E-01  0.2560000000E-01  0.2171000000E-01  0.2045000000E-01
  0.1537000000E-01  0.1067000000E-01  0.3310000000E-02  0.1220000000E-02
  0.1020000000E-02  0.6100000000E-03  0.6600000000E-03  0.9600000000E-03
  0.1600000000E-02  0.3860000000E-02  0.8370000000E-02  0.1396000000E-01
  0.1619000000E-01  0.1834000000E-01  0.2236000000E-01
  0.2004000000E-01  0.1860000000E-01  0.1667000000E-01  0.1571000000E-01
  0.1076000000E-01  0.7930000000E-02  0.2160000000E-02  0.1080000000E-02
  0.8900000000E-03  0.5900000000E-03  0.5800000000E-03  0.7000000000E-03
  0.1300000000E-02  0.2040000000E-02  0.4690000000E-02  0.8630000000E-02
  0.1007000000E-01  0.1156000000E-01  0.1352000000E-01
  0.1413000000E-01  0.1344000000E-01  0.1330000000E-01  0.1229000000E-01
  0.6900000000E-02  0.4910000000E-02  0.1310000000E-02  0.8900000000E-03
  0.7200000000E-03  0.5200000000E-03  0.5000000000E-03  0.5900000000E-03
  0.1100000000E-02  0.1310000000E-02  0.2520000000E-02  0.5120000000E-02
  0.6120000000E-02  0.6830000000E-02  0.6710000000E-02
  0.9620000000E-02  0.9510000000E-02  0.8680000000E-02  0.7680000000E-02
  0.4340000000E-02  0.2370000000E-02  0.9400000000E-03  0.6400000000E-03
  0.5300000000E-03  0.4600000000E-03  0.5000000000E-03  0.6000000000E-03
  0.8400000000E-03  0.9400000000E-03  0.1600000000E-02  0.3230000000E-02
  0.4220000000E-02  0.4310000000E-02  0.4260000000E-02
  0.5580000000E-02  0.4950000000E-02  0.4210000000E-02  0.3510000000E-02
  0.2110000000E-02  0.1190000000E-02  0.8200000000E-03  0.5900000000E-03
  0.4900000000E-03  0.4500000000E-03  0.4400000000E-03  0.5400000000E-03
  0.5900000000E-03  0.6800000000E-03  0.1060000000E-02  0.1730000000E-02
  0.2150000000E-02  0.2250000000E-02  0.2240000000E-02
  0.3170000000E-02  0.2310000000E-02  0.1930000000E-02  0.1540000000E-02
  0.1060000000E-02  0.8900000000E-03  0.7500000000E-03  0.5700000000E-03
  0.5000000000E-03  0.4400000000E-03  0.3700000000E-03  0.4700000000E-03
  0.4900000000E-03  0.5600000000E-03  0.8100000000E-03  0.1020000000E-02
  0.1060000000E-02  0.1190000000E-02  0.1220000000E-02
  0.1630000000E-02  0.1200000000E-02  0.1050000000E-02  0.8900000000E-03
  0.7400000000E-03  0.7300000000E-03  0.6300000000E-03  0.5200000000E-03
  0.5000000000E-03  0.4100000000E-03  0.3100000000E-03  0.4100000000E-03
  0.4900000000E-03  0.5100000000E-03  0.6400000000E-03  0.7400000000E-03
  0.7400000000E-03  0.6900000000E-03  0.7800000000E-03
  0.9200000000E-03  0.7800000000E-03  0.6900000000E-03  0.6600000000E-03
  0.6300000000E-03  0.6500000000E-03  0.5500000000E-03  0.4900000000E-03
  0.5000000000E-03  0.4000000000E-03  0.3000000000E-03  0.4000000000E-03
  0.5000000000E-03  0.4900000000E-03  0.5400000000E-03  0.6400000000E-03
  0.6400000000E-03  0.5200000000E-03  0.5800000000E-03
  0.7100000000E-03  0.7000000000E-03  0.6000000000E-03  0.6000000000E-03
  0.6000000000E-03  0.6000000000E-03  0.5000000000E-03  0.5000000000E-03
  0.5000000000E-03  0.4000000000E-03  0.3000000000E-03  0.4000000000E-03
  0.5000000000E-03  0.5000000000E-03  0.5000000000E-03  0.6000000000E-03
  0.6000000000E-03  0.5000000000E-03  0.5000000000E-03
  0.6200000000E-03  0.6400000000E-03  0.5900000000E-03  0.5500000000E-03
  0.5500000000E-03  0.5500000000E-03  0.5000000000E-03  0.5100000000E-03
  0.5100000000E-03  0.3800000000E-03  0.2500000000E-03  0.3600000000E-03
  0.5100000000E-03  0.5100000000E-03  0.5000000000E-03  0.5100000000E-03
  0.5100000000E-03  0.4500000000E-03  0.4500000000E-03
  0.6000000000E-03  0.6100000000E-03  0.6000000000E-03  0.5100000000E-03
  0.5100000000E-03  0.5100000000E-03  0.5000000000E-03  0.5000000000E-03
  0.5000000000E-03  0.3500000000E-03  0.2100000000E-03  0.3100000000E-03
  0.5000000000E-03  0.5000000000E-03  0.5000000000E-03  0.4200000000E-03
  0.4200000000E-03  0.4100000000E-03  0.4100000000E-03
  0.5700000000E-03  0.5700000000E-03  0.5700000000E-03  0.4700000000E-03
  0.4700000000E-03  0.4700000000E-03  0.4700000000E-03  0.4700000000E-03
  0.4700000000E-03  0.3400000000E-03  0.2000000000E-03  0.2700000000E-03
  0.4700000000E-03  0.4700000000E-03  0.4700000000E-03  0.3700000000E-03
  0.3700000000E-03  0.3700000000E-03  0.3700000000E-03
  0.5500000000E-03  0.5500000000E-03  0.5500000000E-03  0.4500000000E-03
  0.4500000000E-03  0.4500000000E-03  0.4500000000E-03  0.4500000000E-03
  0.4500000000E-03  0.3200000000E-03  0.2000000000E-03  0.2500000000E-03
  0.4500000000E-03  0.4500000000E-03  0.4500000000E-03  0.3500000000E-03
  0.3500000000E-03  0.3500000000E-03  0.3500000000E-03
  0.5200000000E-03  0.5200000000E-03  0.5200000000E-03  0.4200000000E-03
  0.4200000000E-03  0.4200000000E-03  0.4200000000E-03  0.4200000000E-03
  0.4200000000E-03  0.3100000000E-03  0.2000000000E-03  0.2200000000E-03
  0.4200000000E-03  0.4200000000E-03  0.4200000000E-03  0.3200000000E-03
  0.3200000000E-03  0.3200000000E-03  0.3200000000E-03
  0.5000000000E-03  0.5000000000E-03  0.5000000000E-03  0.4000000000E-03
  0.4000000000E-03  0.4000000000E-03  0.4000000000E-03  0.4000000000E-03
  0.4000000000E-03  0.3000000000E-03  0.2000000000E-03  0.2000000000E-03
  0.4000000000E-03  0.4000000000E-03  0.4000000000E-03  0.3000000000E-03
  0.3000000000E-03  0.3000000000E-03  0.3000000000E-03
  0.3240000000E-02  0.3240000000E-02  0.3290000000E-02  0.3630000000E-02
  0.3670000000E-02  0.4100000000E-02  0.4600000000E-02  0.4560000000E-02
  0.5070000000E-02  0.5500000000E-02  0.5070000000E-02  0.4560000000E-02
  0.4600000000E-02  0.4100000000E-02  0.3670000000E-02  0.3630000000E-02
  0.3290000000E-02  0.3240000000E-02  0.3240000000E-02
  0.4270000000E-02  0.4310000000E-02  0.4560000000E-02  0.4770000000E-02
  0.4900000000E-02  0.5070000000E-02  0.5380000000E-02  0.5330000000E-02
  0.5770000000E-02  0.6270000000E-02  0.5770000000E-02  0.5330000000E-02
  0.5380000000E-02  0.5070000000E-02  0.4900000000E-02  0.4770000000E-02
  0.4560000000E-02  0.4310000000E-02  0.4270000000E-02
  0.5860000000E-02  0.5920000000E-02  0.6160000000E-02  0.6420000000E-02
  0.6660000000E-02  0.6780000000E-02  0.7170000000E-02  0.7270000000E-02
  0.7410000000E-02  0.8050000000E-02  0.7410000000E-02  0.7270000000E-02
  0.7170000000E-02  0.6780000000E-02  0.6660000000E-02  0.6420000000E-02
  0.6160000000E-02  0.5920000000E-02  0.5860000000E-02
  0.8220000000E-02  0.8370000000E-02  0.8690000000E-02  0.8950000000E-02
  0.9340000000E-02  0.9580000000E-02  0.9580000000E-02  0.1023000000E-01
  0.1062000000E-01  0.1126000000E-01  0.1062000000E-01  0.1023000000E-01
  0.9580000000E-02  0.9580000000E-02  0.9340000000E-02  0.8950000000E-02
  0.8690000000E-02  0.8370000000E-02  0.8220000000E-02
  0.1397000000E-01  0.1411000000E-01  0.1498000000E-01  0.1511000000E-01
  0.1524000000E-01  0.1552000000E-01  0.1552000000E-01  0.1550000000E-01
  0.1637000000E-01  0.1677000000E-01  0.1637000000E-01  0.1550000000E-01
  0.1552000000E-01  0.1552000000E-01  0.1524000000E-01  0.1511000000E-01
  0.1498000000E-01  0.1411000000E-01  0.1397000000E-01
  0.1878000000E-01  0.1878000000E-01  0.1978000000E-01  0.1978000000E-01
  0.1980000000E-01  0.2080000000E-01  0.2080000000E-01  0.2080000000E-01
  0.2177000000E-01  0.2281000000E-01  0.2177000000E-01  0.2080000000E-01
  0.2080000000E-01  0.2080000000E-01  0.1980000000E-01  0.1978000000E-01
  0.1978000000E-01  0.1878000000E-01  0.1878000000E-01
  0.2350000000E-01  0.2347000000E-01  0.2447000000E-01  0.2447000000E-01
  0.2512000000E-01  0.2522000000E-01  0.2522000000E-01  0.2522000000E-01
  0.2557000000E-01  0.2724000000E-01  0.2557000000E-01  0.2522000000E-01
  0.2522000000E-01  0.2522000000E-01  0.2512000000E-01  0.2447000000E-01
  0.2447000000E-01  0.2347000000E-01  0.2350000000E-01
  0.2716000000E-01  0.2774000000E-01  0.2874000000E-01  0.2875000000E-01
  0.2874000000E-01  0.2876000000E-01  0.2877000000E-01  0.2879000000E-01
  0.2982000000E-01  0.3021000000E-01  0.2982000000E-01  0.2879000000E-01
  0.2877000000E-01  0.2876000000E-01  0.2874000000E-01  0.2875000000E-01
  0.2874000000E-01  0.2774000000E-01  0.2716000000E-01
  0.3843000000E-01  0.4047000000E-01  0.4157000000E-01  0.4064000000E-01
  0.3950000000E-01  0.3724000000E-01  0.3588000000E-01  0.3405000000E-01
  0.3411000000E-01  0.3309000000E-01  0.3411000000E-01  0.3405000000E-01
  0.3588000000E-01  0.3724000000E-01  0.3950000000E-01  0.4064000000E-01
  0.4157000000E-01  0.4047000000E-01  0.3843000000E-01
  0.5506000000E-01  0.5766000000E-01  0.6026000000E-01  0.6014000000E-01
  0.5719000000E-01  0.5090000000E-01  0.4493000000E-01  0.4129000000E-01
  0.3927000000E-01  0.3730000000E-01  0.3927000000E-01  0.4129000000E-01
  0.4493000000E-01  0.5090000000E-01  0.5719000000E-01  0.6014000000E-01
  0.6026000000E-01  0.5766000000E-01  0.5506000000E-01
  0.6481000000E-01  0.6788000000E-01  0.7298000000E-01  0.7755000000E-01
  0.7381000000E-01  0.6704000000E-01  0.5950000000E-01  0.5391000000E-01
  0.5035000000E-01  0.4776000000E-01  0.5035000000E-01  0.5391000000E-01
  0.5950000000E-01  0.6704000000E-01  0.7381000000E-01  0.7755000000E-01
  0.7298000000E-01  0.6788000000E-01  0.6481000000E-01
  0.7057000000E-01  0.7391000000E-01  0.8064000000E-01  0.9259000000E-01
  0.9406000000E-01  0.7990000000E-01  0.7291000000E-01  0.6682000000E-01
  0.6451000000E-01  0.6287000000E-01  0.6451000000E-01  0.6682000000E-01
  0.7291000000E-01  0.7990000000E-01  0.9406000000E-01  0.9259000000E-01
  0.8064000000E-01  0.7391000000E-01  0.7057000000E-01
  0.7297000000E-01  0.7677000000E-01  0.8461000000E-01  0.9956000000E-01
  0.1055500000E+00  0.1000800000E+00  0.9353000000E-01  0.9078000000E-01
  0.8968000000E-01  0.8898000000E-01  0.8968000000E-01  0.9078000000E-01
  0.9353000000E-01  0.1000800000E+00  0.1055500000E+00  0.9956000000E-01
  0.8461000000E-01  0.7677000000E-01  0.7297000000E-01
  0.7400000000E-01  0.7793000000E-01  0.8584000000E-01  0.9997000000E-01
  0.1095100000E+00  0.1156500000E+00  0.1185300000E+00  0.1177700000E+00
  0.1187500000E+00  0.1231500000E+00  0.1187500000E+00  0.1177700000E+00
  0.1185300000E+00  0.1156500000E+00  0.1095100000E+00  0.9997000000E-01
  0.8584000000E-01  0.7793000000E-01  0.7400000000E-01
  0.7467000000E-01  0.7780000000E-01  0.8502000000E-01  0.9768000000E-01
  0.1089200000E+00  0.1187500000E+00  0.1277400000E+00  0.1305400000E+00
  0.1345000000E+00  0.1408900000E+00  0.1345300000E+00  0.1305900000E+00
  0.1275400000E+00  0.1186300000E+00  0.1088400000E+00  0.9775000000E-01
  0.8511000000E-01  0.7780000000E-01  0.7479000000E-01
  0.7329000000E-01  0.7608000000E-01  0.8404000000E-01  0.9321000000E-01
  0.1055800000E+00  0.1156700000E+00  0.1254800000E+00  0.1341700000E+00
  0.1398600000E+00  0.1434300000E+00  0.1397100000E+00  0.1337900000E+00
  0.1270800000E+00  0.1165900000E+00  0.1062700000E+00  0.9271000000E-01
  0.8344000000E-01  0.7624000000E-01  0.7242000000E-01
  0.7241000000E-01  0.7502000000E-01  0.8256000000E-01  0.8936000000E-01
  0.1002200000E+00  0.1099300000E+00  0.1142500000E+00  0.1340400000E+00
  0.1395300000E+00  0.1422900000E+00  0.1369700000E+00  0.1313800000E+00
  0.1245200000E+00  0.1160200000E+00  0.1043800000E+00  0.8581000000E-01
  0.7795000000E-01  0.7399000000E-01  0.6612000000E-01
  0.6853000000E-01  0.7378000000E-01  0.7833000000E-01  0.8267000000E-01
  0.9731000000E-01  0.1044000000E+00  0.1106600000E+00  0.1253400000E+00
  0.1314300000E+00  0.1301100000E+00  0.1244100000E+00  0.1219400000E+00
  0.1168500000E+00  0.1083200000E+00  0.9835000000E-01  0.7835000000E-01
  0.7236000000E-01  0.6587000000E-01  0.6135000000E-01
  0.6699000000E-01  0.7059000000E-01  0.7536000000E-01  0.7926000000E-01
  0.9576000000E-01  0.1002700000E+00  0.1045400000E+00  0.1111700000E+00
  0.1114300000E+00  0.1092600000E+00  0.1067700000E+00  0.1059100000E+00
  0.1026700000E+00  0.9710000000E-01  0.9060000000E-01  0.7163000000E-01
  0.6827000000E-01  0.6133000000E-01  0.5912000000E-01
  0.6542000000E-01  0.6918000000E-01  0.7424000000E-01  0.7745000000E-01
  0.8751000000E-01  0.9246000000E-01  0.8944000000E-01  0.8503000000E-01
  0.8237000000E-01  0.7919000000E-01  0.8079000000E-01  0.8455000000E-01
  0.8302000000E-01  0.8036000000E-01  0.7675000000E-01  0.6380000000E-01
  0.6245000000E-01  0.5858000000E-01  0.5666000000E-01
  0.6429000000E-01  0.6689000000E-01  0.7138000000E-01  0.7445000000E-01
  0.7962000000E-01  0.7853000000E-01  0.6874000000E-01  0.6011000000E-01
  0.5327000000E-01  0.4962000000E-01  0.5373000000E-01  0.5900000000E-01
  0.6242000000E-01  0.6399000000E-01  0.6297000000E-01  0.5992000000E-01
  0.5892000000E-01  0.5664000000E-01  0.5382000000E-01
  0.6306000000E-01  0.6510000000E-01  0.6592000000E-01  0.6732000000E-01
  0.6565000000E-01  0.5614000000E-01  0.4857000000E-01  0.3532000000E-01
  0.3046000000E-01  0.2862000000E-01  0.3265000000E-01  0.3657000000E-01
  0.4060000000E-01  0.4550000000E-01  0.5008000000E-01  0.5321000000E-01
  0.5333000000E-01  0.5364000000E-01  0.5217000000E-01
  0.6027000000E-01  0.6127000000E-01  0.5675000000E-01  0.5603000000E-01
  0.4896000000E-01  0.3705000000E-01  0.2912000000E-01  0.1519000000E-01
  0.1377000000E-01  0.1356000000E-01  0.1693000000E-01  0.1949000000E-01
  0.2329000000E-01  0.2920000000E-01  0.3752000000E-01  0.4343000000E-01
  0.4451000000E-01  0.4631000000E-01  0.4755000000E-01
  0.5327000000E-01  0.5167000000E-01  0.4424000000E-01  0.4145000000E-01
  0.3314000000E-01  0.2414000000E-01  0.1241000000E-01  0.4550000000E-02
  0.3680000000E-02  0.3750000000E-02  0.6250000000E-02  0.8270000000E-02
  0.1242000000E-01  0.1650000000E-01  0.2456000000E-01  0.3173000000E-01
  0.3273000000E-01  0.3370000000E-01  0.3656000000E-01
  0.4317000000E-01  0.4046000000E-01  0.3494000000E-01  0.3031000000E-01
  0.2141000000E-01  0.1272000000E-01  0.6270000000E-02  0.1650000000E-02
  0.1140000000E-02  0.1310000000E-02  0.2250000000E-02  0.4130000000E-02
  0.5490000000E-02  0.6770000000E-02  0.1465000000E-01  0.2139000000E-01
  0.2238000000E-01  0.2338000000E-01  0.2553000000E-01
  0.3301000000E-01  0.3151000000E-01  0.2495000000E-01  0.2136000000E-01
  0.1301000000E-01  0.6980000000E-02  0.3480000000E-02  0.1000000000E-02
  0.7400000000E-03  0.7100000000E-03  0.1060000000E-02  0.1920000000E-02
  0.2820000000E-02  0.3320000000E-02  0.9880000000E-02  0.1384000000E-01
  0.1481000000E-01  0.1584000000E-01  0.1790000000E-01
  0.2361000000E-01  0.2215000000E-01  0.1708000000E-01  0.1462000000E-01
  0.8110000000E-02  0.5070000000E-02  0.2120000000E-02  0.7800000000E-03
  0.6400000000E-03  0.6100000000E-03  0.8600000000E-03  0.1140000000E-02
  0.1830000000E-02  0.2380000000E-02  0.6840000000E-02  0.9170000000E-02
  0.1076000000E-01  0.1115000000E-01  0.1160000000E-01
  0.1559000000E-01  0.1365000000E-01  0.1112000000E-01  0.9520000000E-02
  0.5160000000E-02  0.3870000000E-02  0.1290000000E-02  0.5400000000E-03
  0.4700000000E-03  0.5200000000E-03  0.7500000000E-03  0.9300000000E-03
  0.1330000000E-02  0.1840000000E-02  0.4160000000E-02  0.6050000000E-02
  0.7720000000E-02  0.8240000000E-02  0.7100000000E-02
  0.9780000000E-02  0.8220000000E-02  0.6610000000E-02  0.5960000000E-02
  0.3250000000E-02  0.2240000000E-02  0.8500000000E-03  0.4200000000E-03
  0.4100000000E-03  0.4600000000E-03  0.6200000000E-03  0.8200000000E-03
  0.1210000000E-02  0.1450000000E-02  0.2260000000E-02  0.3800000000E-02
  0.4470000000E-02  0.6230000000E-02  0.5200000000E-02
  0.4480000000E-02  0.3630000000E-02  0.2820000000E-02  0.2500000000E-02
  0.1590000000E-02  0.9900000000E-03  0.5800000000E-03  0.4000000000E-03
  0.4000000000E-03  0.4500000000E-03  0.5300000000E-03  0.8000000000E-03
  0.1010000000E-02  0.1060000000E-02  0.1160000000E-02  0.1810000000E-02
  0.1990000000E-02  0.2990000000E-02  0.2850000000E-02
  0.1870000000E-02  0.1500000000E-02  0.1160000000E-02  0.9400000000E-03
  0.8400000000E-03  0.5300000000E-03  0.4600000000E-03  0.3700000000E-03
  0.4000000000E-03  0.4400000000E-03  0.5000000000E-03  0.7500000000E-03
  0.8400000000E-03  0.8300000000E-03  0.8400000000E-03  0.9500000000E-03
  0.1010000000E-02  0.1180000000E-02  0.1450000000E-02
  0.9400000000E-03  0.8000000000E-03  0.7400000000E-03  0.7000000000E-03
  0.6200000000E-03  0.4900000000E-03  0.4100000000E-03  0.3100000000E-03
  0.4000000000E-03  0.4100000000E-03  0.5000000000E-03  0.6300000000E-03
  0.7200000000E-03  0.7200000000E-03  0.8000000000E-03  0.8000000000E-03
  0.8100000000E-03  0.8200000000E-03  0.9000000000E-03
  0.5900000000E-03  0.5500000000E-03  0.5800000000E-03  0.5900000000E-03
  0.5400000000E-03  0.5000000000E-03  0.4400000000E-03  0.3400000000E-03
  0.3600000000E-03  0.3800000000E-03  0.4700000000E-03  0.5500000000E-03
  0.7000000000E-03  0.7000000000E-03  0.7600000000E-03  0.7500000000E-03
  0.7500000000E-03  0.6900000000E-03  0.6300000000E-03
  0.5000000000E-03  0.5000000000E-03  0.5000000000E-03  0.5100000000E-03
  0.5000000000E-03  0.5000000000E-03  0.5000000000E-03  0.4000000000E-03
  0.3000000000E-03  0.3500000000E-03  0.4100000000E-03  0.5000000000E-03
  0.7000000000E-03  0.7000000000E-03  0.7000000000E-03  0.7000000000E-03
  0.7000000000E-03  0.6100000000E-03  0.5100000000E-03
  0.4400000000E-03  0.4500000000E-03  0.4900000000E-03  0.4900000000E-03
  0.4500000000E-03  0.4500000000E-03  0.4600000000E-03  0.3700000000E-03
  0.3000000000E-03  0.3000000000E-03  0.3000000000E-03  0.4500000000E-03
  0.6100000000E-03  0.6100000000E-03  0.6100000000E-03  0.6100000000E-03
  0.6100000000E-03  0.5000000000E-03  0.4400000000E-03
  0.4100000000E-03  0.4100000000E-03  0.5000000000E-03  0.5000000000E-03
  0.4100000000E-03  0.4100000000E-03  0.4100000000E-03  0.3100000000E-03
  0.3000000000E-03  0.2600000000E-03  0.2200000000E-03  0.4100000000E-03
  0.5200000000E-03  0.5200000000E-03  0.5200000000E-03  0.5200000000E-03
  0.5200000000E-03  0.4200000000E-03  0.4100000000E-03
  0.3700000000E-03  0.3700000000E-03  0.4700000000E-03  0.4700000000E-03
  0.4000000000E-03  0.4000000000E-03  0.4000000000E-03  0.2700000000E-03
  0.2700000000E-03  0.2400000000E-03  0.2000000000E-03  0.3700000000E-03
  0.4700000000E-03  0.4700000000E-03  0.4700000000E-03  0.4700000000E-03
  0.4700000000E-03  0.3700000000E-03  0.3700000000E-03
  0.3500000000E-03  0.3500000000E-03  0.4500000000E-03  0.4500000000E-03
  0.4000000000E-03  0.4000000000E-03  0.4000000000E-03  0.2500000000E-03
  0.2500000000E-03  0.2200000000E-03  0.2000000000E-03  0.3500000000E-03
  0.4500000000E-03  0.4500000000E-03  0.4500000000E-03  0.4500000000E-03
  0.4500000000E-03  0.3500000000E-03  0.3500000000E-03
  0.3200000000E-03  0.3200000000E-03  0.4200000000E-03  0.4200000000E-03
  0.4000000000E-03  0.4000000000E-03  0.4000000000E-03  0.2200000000E-03
  0.2200000000E-03  0.2100000000E-03  0.2000000000E-03  0.3200000000E-03
  0.4200000000E-03  0.4200000000E-03  0.4200000000E-03  0.4200000000E-03
  0.4200000000E-03  0.3200000000E-03  0.3200000000E-03
  0.3000000000E-03  0.3000000000E-03  0.4000000000E-03  0.4000000000E-03
  0.4000000000E-03  0.4000000000E-03  0.4000000000E-03  0.2000000000E-03
  0.2000000000E-03  0.2000000000E-03  0.2000000000E-03  0.3000000000E-03
  0.4000000000E-03  0.4000000000E-03  0.4000000000E-03  0.4000000000E-03
  0.4000000000E-03  0.3000000000E-03  0.3000000000E-03
